# name: phAngle
# type: matrix
# rows: 1
# columns: 359
 0 0 0 0 0 341 341 341 341 333 333 333 333 333 333 333 346 346 346 341 341 341 341 341 341 341 341 341 341 341 341 341 341 341 341 341 341 341 341 341 341 341 341 341 341 341 341 341 341 341 341 341 341 341 341 341 341 341 341 341 341 341 341 341 341 341 341 341 341 341 341 341 341 341 341 341 341 341 341 341 341 341 341 341 341 341 341 341 341 341 341 341 341 341 341 341 341 341 341 346 346 346 346 346 346 346 346 346 333 333 333 333 333 333 333 333 333 333 333 333 333 333 333 333 333 333 333 333 333 333 333 333 333 333 333 333 333 333 333 333 333 333 333 333 333 333 333 333 333 333 333 333 333 333 333 333 333 333 333 333 333 333 333 333 333 333 333 333 333 333 333 333 333 333 333 333 333 333 333 333 333 333 333 333 333 333 333 333 333 333 333 333 333 333 333 333 333 333 333 333 333 333 333 333 0 0 0 0 0 0 0 0 0 341 341 341 341 341 346 333 333 333 333 333 333 333 333 333 333 333 333 333 333 333 333 333 333 333 333 333 333 333 333 333 333 333 333 333 333 333 333 333 333 333 333 333 333 333 333 333 333 333 333 333 333 333 333 333 333 333 333 333 333 333 333 333 333 333 333 333 333 333 333 333 333 333 333 333 333 333 333 333 333 333 333 333 333 333 333 333 333 333 333 333 333 333 333 333 333 333 333 333 333 333 333 333 333 333 333 333 333 333 333 333 333 333 333 333 333 333 333 333 333 333 333 333 333 333 333 333 333 333 333 333 333 333 333 333 333 333 333 333 333 333 333 333 333 333 333 
# name: freq
# type: matrix
# rows: 1
# columns: 359
 50.0 50.0 50.0 50.0 50.0 50.0 50.0 50.0 50.0 50.0 50.0 50.0 50.0 50.0 50.0 50.0 50.0 50.0 50.0 50.0 50.0 50.0 50.0 50.0 50.0 50.0 50.0 50.0 50.0 50.0 50.0 50.0 50.0 50.0 50.0 50.0 50.0 50.0 50.0 50.0 50.0 50.0 50.0 50.0 49.9 50.0 50.0 50.0 50.0 49.9 50.0 50.0 50.0 49.9 49.9 50.0 50.0 50.0 50.0 49.9 50.0 50.0 50.0 50.0 50.0 50.0 50.0 50.0 50.0 50.0 50.0 50.0 50.0 50.0 50.0 50.0 50.0 50.0 50.0 50.0 50.0 50.0 50.0 50.0 50.0 50.0 50.0 50.0 50.0 50.0 50.0 50.0 50.0 50.0 50.0 50.0 50.0 50.0 50.0 50.0 50.0 50.0 50.0 50.0 50.0 50.0 50.0 50.0 50.0 50.0 50.0 50.0 50.0 50.0 50.0 50.0 50.0 50.0 50.0 50.0 50.0 50.0 50.0 50.0 50.0 50.0 50.0 50.0 50.0 50.0 50.0 50.0 50.0 50.0 50.0 50.0 50.0 50.0 50.0 50.0 50.0 50.0 50.0 50.0 50.0 50.0 50.0 50.0 50.0 50.0 50.0 50.0 50.0 50.0 50.0 50.0 50.0 50.0 50.0 50.0 50.0 50.0 50.0 50.0 50.0 50.0 50.0 50.0 50.0 50.0 50.0 50.0 50.0 50.0 50.0 50.0 50.0 50.0 50.0 50.0 50.0 50.0 50.0 50.0 50.0 50.0 50.0 50.0 50.0 50.0 50.0 50.0 50.0 50.0 50.0 50.0 50.0 50.0 50.0 50.0 50.0 50.0 50.0 50.0 50.0 50.0 50.0 50.0 50.0 50.0 50.0 50.0 50.0 50.0 50.0 50.0 50.0 50.0 50.0 50.0 50.0 50.0 50.0 50.0 50.0 50.0 50.0 50.0 50.0 50.0 50.0 50.0 50.0 50.0 50.0 50.0 50.0 50.0 50.0 50.0 50.0 50.0 50.0 50.0 50.0 50.0 50.0 50.0 50.0 50.0 50.0 50.0 50.0 50.0 50.0 50.0 50.0 50.0 50.0 50.0 50.0 50.0 50.0 50.0 50.0 50.0 50.0 50.0 50.0 50.0 50.0 50.0 50.0 50.0 50.0 50.0 50.0 50.0 50.0 50.0 50.0 50.0 50.0 50.0 50.0 50.0 50.0 50.0 50.0 50.0 50.0 50.0 50.0 50.0 50.0 50.0 50.0 50.0 50.0 50.0 50.0 50.0 50.0 50.0 50.0 50.0 50.0 50.0 50.0 50.0 50.0 50.0 50.0 50.0 50.0 50.0 50.0 50.0 50.0 50.0 50.0 50.0 50.0 50.0 50.0 50.0 50.0 50.0 50.0 50.0 50.0 50.0 50.0 50.0 50.0 50.0 50.0 50.0 50.0 50.0 50.0 50.0 50.0 50.0 50.0 50.0 50.0 50.0 50.0 50.0 50.0 50.0 50.0 50.0 50.0 50.0 50.0 50.0 50.0 
# name: reacPower
# type: matrix
# rows: 1
# columns: 359
 0.0 0.0 0.0 0.0 0.0 -3.33 -3.226 -3.434 -3.642 -4.059 -4.267 -4.371 -4.267 -4.059 -4.059 -3.955 -3.85 -3.746 -3.746 -3.746 -3.642 -3.642 -3.642 -3.642 -3.538 -3.538 -3.538 -3.434 -3.434 -3.434 -3.33 -3.33 -3.33 -3.226 -3.226 -3.226 -3.226 -3.226 -3.226 -3.122 -3.226 -3.122 -3.122 -3.122 -3.122 -3.122 -3.122 -3.122 -3.122 -3.122 -3.122 -3.122 -3.122 -3.122 -3.122 -3.122 -3.122 -3.122 -3.122 -3.122 -3.122 -3.122 -3.122 -3.122 -3.122 -3.226 -3.226 -3.226 -3.226 -3.226 -3.33 -3.33 -3.33 -3.33 -3.33 -3.33 -3.434 -3.434 -3.434 -3.434 -3.434 -3.434 -3.434 -3.538 -3.538 -3.538 -3.538 -3.538 -3.538 -3.642 -3.642 -3.642 -3.642 -3.746 -3.642 -3.746 -3.746 -3.746 -3.746 -3.746 -3.85 -3.746 -3.746 -3.85 -3.85 -3.85 -3.85 -3.85 -3.955 -3.955 -3.955 -3.955 -3.955 -4.059 -4.059 -3.955 -4.059 -4.059 -4.059 -4.059 -4.059 -4.059 -4.059 -4.059 -4.059 -4.059 -4.059 -4.059 -4.059 -4.163 -4.163 -4.163 -4.163 -4.163 -4.163 -4.163 -4.163 -4.163 -4.163 -4.163 -4.163 -4.163 -4.163 -4.163 -4.163 -4.163 -4.163 -4.163 -4.163 -4.163 -4.267 -4.163 -4.163 -4.267 -4.267 -4.267 -4.267 -4.267 -4.267 -4.267 -4.267 -4.267 -4.267 -4.267 -4.267 -4.267 -4.267 -4.267 -4.267 -4.267 -4.267 -4.267 -4.267 -4.267 -4.267 -4.267 -4.267 -4.267 -4.267 -4.267 -4.267 -4.267 -4.267 -4.267 -4.267 -4.267 -4.059 -4.267 -4.267 -4.267 -4.267 -4.267 -4.371 -4.267 -4.267 -4.267 -4.267 -4.267 -4.267 -4.267 -4.267 -4.267 -4.267 -4.267 0.0 0.0 0.0 0.0 0.0 0.0 0.0 0.0 0.0 -3.226 -3.33 -3.434 -3.642 -3.746 -3.85 -3.955 -3.955 -4.059 -4.059 -4.059 -4.059 -4.163 -4.163 -4.163 -4.163 -4.163 -4.267 -4.163 -4.267 -4.267 -4.267 -4.267 -4.267 -4.267 -4.267 -4.267 -4.267 -4.267 -4.267 -4.267 -4.267 -4.267 -4.267 -4.267 -4.267 -4.267 -4.267 -4.267 -4.267 -4.267 -4.267 -4.267 -4.267 -4.267 -4.267 -4.371 -4.267 -4.267 -4.371 -4.371 -4.267 -4.267 -4.371 -4.267 -4.267 -4.267 -4.267 -4.267 -4.267 -4.371 -4.267 -4.267 -4.371 -4.267 -4.267 -4.267 -4.267 -4.267 -4.371 -4.371 -4.267 -4.267 -4.267 -4.267 -4.371 -4.267 -4.267 -4.267 -4.267 -4.267 -4.267 -4.267 -4.267 -4.267 -4.267 -4.267 -4.371 -4.371 -4.267 -4.267 -4.267 -4.267 -4.267 -4.267 -4.267 -4.267 -4.267 -4.267 -4.267 -4.267 -4.267 -4.267 -4.267 -4.267 -4.267 -4.267 -4.267 -4.267 -4.267 -4.267 -4.267 -4.267 -4.371 -4.267 -4.267 -4.267 -4.371 -4.267 -4.267 -4.267 -4.267 -4.267 -4.267 -4.267 -4.267 -4.267 -4.267 -4.267 -4.267 -4.267 -4.267 -4.267 -4.267 -4.267 -4.267 -4.267 -4.267 -4.267 -4.267 -4.267 -4.267 -4.267 -4.267 -4.267 -4.267 
# name: power
# type: matrix
# rows: 1
# columns: 359
 0.0 0.0 0.0 0.0 0.0 7.285 7.181 7.389 7.701 8.222 8.638 8.638 8.534 8.43 8.222 8.118 8.014 8.014 7.91 7.805 7.805 7.701 7.701 7.597 7.597 7.597 7.493 7.493 7.389 7.389 7.389 7.285 7.285 7.181 7.181 7.181 7.181 7.077 7.077 7.077 7.077 6.973 6.973 6.973 6.973 6.973 6.973 6.973 6.973 6.973 6.973 6.869 6.869 6.869 6.869 6.869 6.869 6.973 6.973 6.973 6.973 6.973 6.973 6.973 6.973 6.973 6.973 7.077 7.077 7.181 7.181 7.181 7.181 7.285 7.285 7.285 7.285 7.389 7.389 7.389 7.389 7.493 7.493 7.493 7.493 7.597 7.597 7.597 7.597 7.597 7.701 7.701 7.701 7.701 7.805 7.805 7.805 7.805 7.805 7.91 7.91 7.91 7.91 7.91 8.014 7.91 8.014 8.014 8.014 8.118 8.118 8.118 8.118 8.118 8.118 8.118 8.222 8.222 8.222 8.222 8.222 8.222 8.222 8.222 8.326 8.326 8.326 8.326 8.326 8.326 8.326 8.326 8.326 8.326 8.326 8.326 8.43 8.43 8.43 8.43 8.43 8.43 8.43 8.43 8.43 8.43 8.43 8.43 8.43 8.43 8.534 8.43 8.43 8.43 8.43 8.534 8.43 8.43 8.43 8.43 8.534 8.43 8.534 8.534 8.534 8.534 8.534 8.534 8.534 8.534 8.534 8.534 8.534 8.534 8.534 8.534 8.534 8.534 8.534 8.534 8.534 8.534 8.534 8.534 8.534 8.534 8.326 8.534 8.534 8.534 8.534 8.534 8.534 8.638 8.534 8.534 8.638 8.638 8.534 8.534 8.534 8.534 8.534 8.534 0.0 0.0 0.0 0.0 0.0 0.0 0.0 0.0 0.0 7.077 7.181 7.389 7.701 7.805 8.014 8.118 8.118 8.222 8.222 8.326 8.326 8.326 8.43 8.43 8.43 8.43 8.534 8.534 8.534 8.534 8.534 8.534 8.534 8.534 8.534 8.534 8.638 8.534 8.638 8.638 8.638 8.638 8.638 8.638 8.638 8.638 8.638 8.638 8.638 8.638 8.638 8.638 8.638 8.638 8.638 8.638 8.638 8.638 8.638 8.638 8.638 8.638 8.638 8.638 8.638 8.638 8.638 8.638 8.638 8.638 8.638 8.638 8.638 8.638 8.638 8.638 8.638 8.638 8.638 8.638 8.638 8.638 8.638 8.638 8.638 8.638 8.638 8.638 8.638 8.638 8.638 8.638 8.638 8.638 8.638 8.534 8.638 8.638 8.638 8.638 8.638 8.638 8.638 8.638 8.638 8.638 8.638 8.638 8.638 8.638 8.638 8.638 8.638 8.638 8.638 8.638 8.742 8.638 8.638 8.638 8.638 8.638 8.742 8.638 8.638 8.638 8.638 8.638 8.638 8.638 8.638 8.638 8.638 8.638 8.638 8.638 8.638 8.638 8.638 8.638 8.638 8.638 8.638 8.638 8.638 8.638 8.638 8.638 8.638 8.638 8.638 8.638 8.638 8.742 8.638 
