# name: phAngle
# type: matrix
# rows: 1
# columns: 359
 343 342 343 342 342 343 345 343 343 343 342 343 342 342 342 343 342 343 342 342 342 342 343 343 343 342 342 342 342 343 342 343 343 344 342 344 343 343 342 343 343 343 343 343 343 343 343 343 343 342 344 342 343 343 343 343 342 342 342 343 342 343 342 342 342 343 342 342 343 342 343 342 342 342 343 342 342 343 342 342 342 343 342 343 343 343 343 343 342 343 342 342 343 343 343 343 343 342 342 343 343 343 342 343 343 343 343 344 342 343 343 342 343 343 343 343 343 343 342 343 344 343 343 343 343 343 343 343 343 343 343 343 343 343 343 343 343 343 343 343 344 343 343 343 343 343 343 343 343 343 343 342 343 343 342 342 342 344 343 342 342 342 342 342 342 342 342 342 342 341 341 341 341 341 341 341 341 341 341 341 341 341 341 340 340 341 340 340 340 341 340 340 340 340 340 340 339 340 339 340 339 339 339 339 339 339 339 339 339 339 339 339 339 340 340 339 340 340 340 340 340 340 340 340 340 340 339 339 339 339 339 339 339 339 339 337 337 337 339 339 339 339 339 338 338 339 336 338 339 338 338 339 338 338 338 338 338 338 335 337 338 338 337 336 340 338 336 338 337 338 337 338 337 337 336 337 336 337 336 336 334 336 336 336 337 336 334 336 336 334 333 333 335 334 333 335 336 336 333 335 335 335 335 335 332 333 333 335 333 334 333 333 334 333 333 332 332 332 332 332 333 332 332 333 332 332 332 334 334 334 334 334 334 334 334 334 332 333 332 331 331 333 333 334 331 331 331 331 331 333 333 333 332 331 331 333 335 333 332 
# name: freq
# type: matrix
# rows: 1
# columns: 359
 50.0 50.0 50.0 50.0 50.0 50.0 50.0 50.0 50.0 50.0 50.0 50.0 50.0 50.0 50.0 50.0 50.0 50.0 50.0 50.0 50.0 50.0 50.0 50.0 50.0 50.0 50.0 50.0 50.0 50.0 50.0 50.0 50.0 50.0 50.0 50.0 50.0 50.0 50.0 50.0 50.0 50.0 50.0 50.0 50.0 50.0 50.0 50.0 50.0 50.0 50.0 50.0 50.0 50.0 50.0 50.0 50.0 50.0 50.0 50.0 50.0 50.0 50.0 50.0 50.0 50.0 50.0 50.0 50.0 50.0 50.0 50.0 50.0 50.0 50.0 50.0 50.0 50.0 50.0 50.0 50.0 50.0 50.0 50.0 50.0 50.0 50.0 50.0 50.0 50.0 50.0 50.0 50.0 50.0 50.0 50.0 50.0 50.0 50.0 50.0 50.0 50.0 50.0 50.0 50.0 50.0 50.0 50.0 50.0 50.0 50.0 50.0 50.0 50.0 50.0 50.0 50.0 50.0 50.0 50.0 50.0 50.0 50.0 50.0 50.0 50.0 50.0 50.0 50.0 50.0 50.0 50.0 50.0 50.0 50.0 50.0 50.0 50.0 50.0 50.0 50.0 50.0 50.0 50.0 50.0 50.0 50.0 50.0 50.0 50.0 50.0 50.0 50.0 50.0 50.0 50.0 50.0 50.0 50.0 50.0 50.0 50.0 50.0 50.0 50.0 50.0 50.0 50.0 50.0 50.0 50.0 50.0 50.0 50.0 50.0 50.0 50.0 50.0 50.0 50.0 50.0 50.0 50.0 50.0 50.0 50.0 50.0 50.0 50.0 50.0 50.0 50.0 50.0 50.0 50.0 50.0 50.0 50.0 50.0 50.0 50.0 50.0 50.0 50.0 50.0 50.0 50.0 50.0 50.0 50.0 50.0 50.0 50.0 50.0 50.0 50.0 50.0 50.0 50.0 50.0 50.0 50.0 50.0 50.0 50.0 50.0 50.0 50.0 50.0 50.0 50.0 50.0 50.0 50.0 50.0 50.0 50.0 50.0 50.0 50.0 50.0 50.0 50.0 50.0 50.0 50.0 50.0 50.0 50.0 50.0 50.0 50.0 50.0 50.0 50.0 50.0 50.0 50.0 50.0 50.0 50.0 50.0 50.0 50.0 50.0 50.0 50.0 50.0 50.0 50.0 50.0 50.0 50.0 50.0 50.0 50.0 50.0 50.0 50.0 50.0 50.0 50.0 50.0 50.0 50.0 50.0 50.0 50.0 50.0 50.0 50.0 50.0 50.0 50.0 50.0 50.0 50.0 50.0 50.0 50.0 50.0 50.0 50.0 50.0 50.0 50.0 50.0 50.0 50.0 50.0 50.0 50.0 50.0 50.0 50.0 50.0 50.0 50.0 50.0 50.0 50.0 50.0 50.0 50.0 50.0 50.0 50.0 50.0 50.0 50.0 50.0 50.0 50.0 50.0 50.0 50.0 50.0 50.0 50.0 50.0 50.0 50.0 50.0 50.0 50.0 50.0 50.0 50.0 50.0 50.0 50.0 50.0 50.0 50.0 50.0 50.0 50.0 50.0 50.0 
# name: reacPower
# type: matrix
# rows: 1
# columns: 359
 -24.562 -24.875 -24.146 -24.458 -24.354 -24.77 -24.666 -24.562 -24.666 -24.146 -24.25 -24.562 -24.354 -24.666 -24.562 -24.146 -24.562 -24.354 -24.458 -24.458 -24.146 -24.146 -24.562 -24.77 -24.146 -24.25 -24.354 -24.25 -24.25 -24.146 -24.146 -24.146 -24.458 -23.626 -23.938 -24.146 -24.042 -23.938 -24.146 -24.25 -24.146 -24.146 -24.25 -24.458 -24.042 -24.25 -24.562 -24.354 -24.25 -24.25 -24.458 -24.666 -24.354 -24.354 -23.73 -24.562 -24.354 -24.25 -24.042 -24.146 -24.354 -24.354 -24.25 -24.25 -24.146 -24.354 -24.354 -24.562 -24.25 -23.73 -23.938 -24.25 -24.354 -24.458 -24.25 -24.042 -24.25 -24.354 -24.354 -24.25 -24.25 -24.25 -24.562 -24.042 -24.25 -24.458 -24.042 -24.146 -24.146 -24.354 -24.042 -24.354 -24.354 -24.146 -24.25 -24.354 -24.666 -24.146 -23.834 -23.834 -24.458 -24.562 -24.354 -24.354 -24.458 -24.458 -24.146 -24.458 -23.834 -24.25 -24.562 -24.458 -23.834 -23.834 -24.042 -24.25 -24.042 -24.146 -24.458 -23.834 -24.25 -24.146 -24.25 -24.458 -24.666 -23.938 -24.25 -24.354 -24.458 -24.042 -24.458 -24.458 -24.354 -24.25 -23.938 -24.25 -24.562 -24.458 -24.458 -24.354 -24.354 -24.77 -23.938 -24.458 -24.354 -24.354 -24.458 -24.146 -24.354 -24.458 -24.25 -24.354 -24.562 -24.25 -23.834 -23.938 -24.042 -24.458 -24.146 -23.938 -23.834 -23.938 -24.042 -24.666 -24.458 -24.25 -24.25 -23.938 -24.042 -24.25 -23.938 -24.146 -24.354 -24.458 -24.354 -24.354 -24.25 -24.042 -24.146 -24.146 -24.458 -23.938 -24.042 -24.042 -24.042 -24.25 -24.25 -23.73 -24.042 -23.626 -24.042 -24.562 -24.25 -23.938 -24.25 -23.73 -23.938 -24.354 -24.354 -24.458 -24.354 -24.458 -24.458 -24.042 -24.042 -24.354 -24.354 -23.938 -23.938 -24.354 -24.042 -24.354 -24.146 -23.522 -23.626 -23.938 -23.626 -23.73 -23.522 -23.73 -23.313 -23.73 -23.417 -23.313 -23.522 -23.626 -23.522 -23.73 -23.417 -23.522 -23.626 -23.73 -23.73 -23.626 -23.73 -23.73 -23.73 -23.834 -23.73 -23.73 -23.626 -23.73 -23.73 -23.626 -23.522 -23.73 -23.938 -23.626 -23.522 -23.73 -23.522 -23.626 -23.522 -23.522 -23.522 -23.417 -23.209 -23.209 -23.73 -23.522 -23.417 -23.105 -23.626 -23.834 -23.626 -23.105 -23.73 -23.417 -23.522 -23.313 -23.73 -23.313 -23.209 -23.522 -23.001 -23.105 -23.73 -23.209 -23.313 -23.105 -23.834 -23.522 -23.417 -23.626 -23.417 -23.313 -24.146 -23.626 -23.417 -23.938 -23.938 -23.73 -23.313 -23.938 -23.834 -23.626 -23.417 -23.522 -23.938 -23.626 -23.626 -23.209 -23.417 -23.626 -23.938 -24.042 -24.042 -23.417 -23.73 -23.626 -23.73 -23.834 -23.626 -23.834 -23.938 -23.834 -23.73 -23.834 -24.042 -23.938 -24.042 -23.938 -24.042 -24.042 -23.938 -23.938 -23.938 -23.522 -23.522 -23.626 -23.73 -23.522 -23.313 -23.522 -23.522 -23.73 -23.73 -23.626 -23.834 -23.938 -23.73 -23.626 -23.313 -23.626 -24.042 -23.834 -24.042 -24.042 -23.834 -23.417 -23.313 -23.417 -23.626 -24.042 -23.834 -23.209 -23.522 -23.417 -23.209 
