# name: phAngle
# type: matrix
# rows: 1
# columns: 358
 312 312 312 312 312 317 312 312 312 312 312 315 312 312 312 312 312 312 317 312 312 315 312 315 312 331 329 327 327 329 329 329 329 327 329 329 327 327 327 327 327 329 327 329 329 327 329 329 329 329 327 329 329 329 327 329 329 330 327 329 327 327 327 327 329 329 329 329 329 329 329 329 329 327 327 329 329 330 329 329 329 329 329 329 327 329 329 329 329 329 330 329 327 329 329 329 329 329 329 329 327 329 329 330 329 329 332 329 329 329 329 329 329 329 329 329 331 329 329 329 329 329 329 329 329 329 327 329 329 330 327 329 329 329 329 329 329 329 329 330 329 329 330 330 329 327 329 329 329 331 329 329 329 327 329 329 329 329 327 329 329 329 330 329 329 329 329 330 327 329 329 327 329 329 329 329 327 329 330 329 329 329 329 329 329 329 327 329 327 329 329 329 327 329 329 329 329 329 329 329 330 329 329 327 329 329 329 330 331 330 330 332 330 330 330 329 329 329 329 329 331 329 329 329 329 327 329 329 327 329 329 329 329 329 329 329 329 329 329 329 329 329 329 329 329 329 329 329 329 329 330 329 329 329 329 329 330 329 329 330 329 329 327 329 329 329 330 329 329 329 327 329 327 330 327 326 324 324 324 327 324 324 324 324 324 324 324 322 320 320 320 320 326 320 322 322 322 322 322 322 322 322 322 320 322 320 315 315 324 324 324 324 324 324 324 324 324 326 327 324 322 320 320 322 322 322 322 322 322 320 322 320 320 322 322 322 320 322 320 312 315 315 312 315 315 315 312 315 315 312 312 317 315 312 315 312 315 315 
# name: freq
# type: matrix
# rows: 1
# columns: 358
 50.0 50.0 50.0 50.0 50.0 50.0 50.0 50.0 50.0 50.0 50.0 50.0 50.0 50.0 50.0 50.0 50.0 50.0 50.0 50.0 50.0 50.0 50.0 50.0 50.0 50.0 50.0 50.0 50.0 50.0 50.0 50.0 50.0 50.0 50.0 50.0 50.0 50.0 50.0 50.0 50.0 50.0 50.0 50.0 50.0 50.0 50.0 50.0 50.0 50.0 50.0 50.0 50.0 50.0 50.0 50.0 50.0 50.0 50.0 50.0 50.0 50.0 50.0 50.0 50.0 50.0 50.0 50.0 50.0 50.0 50.0 50.0 50.0 50.0 50.0 50.0 50.0 50.0 50.0 50.0 50.0 50.0 50.0 50.0 50.0 50.0 50.0 50.0 50.0 50.0 50.0 50.0 50.0 50.0 50.0 50.0 50.0 50.0 50.0 50.0 50.0 50.0 50.0 50.0 50.0 50.0 50.0 50.0 50.0 50.0 50.0 50.0 50.0 50.0 50.0 50.0 50.0 50.0 50.0 50.0 50.0 50.0 50.0 50.0 50.0 50.0 50.0 50.0 50.0 50.0 50.0 50.0 50.0 50.0 50.0 50.0 50.0 50.0 50.0 50.0 50.0 50.0 50.0 50.0 50.0 50.0 50.0 50.0 50.0 50.0 50.0 50.0 50.0 50.0 50.0 50.0 50.0 50.0 50.0 50.0 50.0 50.0 50.0 50.0 50.0 50.0 50.0 50.0 50.0 50.0 50.0 50.0 50.0 50.0 50.0 50.0 50.0 50.0 50.0 50.0 50.0 50.0 50.0 50.0 50.0 50.0 50.0 50.0 50.0 50.0 50.0 50.0 50.0 50.0 50.0 50.0 50.0 50.0 50.0 50.0 50.0 50.0 50.0 50.0 50.0 50.0 50.0 50.0 50.0 50.0 50.0 50.0 50.0 50.0 50.0 50.0 50.0 50.0 50.0 50.0 50.0 50.0 50.0 50.0 50.0 50.0 50.0 50.0 50.0 50.0 50.0 50.0 50.0 50.0 50.0 50.0 50.0 50.0 50.0 50.0 50.0 50.0 50.0 50.0 50.0 50.0 50.0 50.0 50.0 50.0 50.0 50.0 50.0 50.0 50.0 50.0 50.0 50.0 50.0 50.0 50.0 50.0 50.0 50.0 50.0 50.0 50.0 50.0 50.0 50.0 50.0 50.0 50.0 50.0 50.0 50.0 50.0 50.0 50.0 50.0 50.0 50.0 50.0 50.0 50.0 50.0 50.0 50.0 50.0 50.0 50.0 50.0 50.0 50.0 50.0 50.0 50.0 50.0 50.0 50.0 50.0 50.0 50.0 50.0 50.0 50.0 50.0 50.0 50.0 50.0 50.0 50.0 50.0 50.0 50.0 50.0 50.0 50.0 50.0 50.0 50.0 50.0 50.0 50.0 50.0 50.0 50.0 50.0 50.0 50.0 50.0 50.0 50.0 50.0 50.0 50.0 50.0 50.0 50.0 50.0 50.0 50.0 50.0 50.0 50.0 50.0 50.0 50.0 50.0 50.0 50.0 50.0 50.0 50.0 50.0 50.0 50.0 50.0 
# name: reacPower
# type: matrix
# rows: 1
# columns: 358
 -22.793 -22.689 -22.897 -22.793 -22.793 -23.001 -22.793 -22.897 -22.793 -22.689 -22.481 -22.585 -22.585 -23.105 -23.001 -22.897 -22.897 -23.105 -23.001 -22.897 -22.897 -22.897 -22.689 -22.689 -22.897 -23.001 -23.209 -23.417 -23.105 -23.105 -23.209 -23.209 -23.105 -23.73 -23.209 -22.793 -23.313 -23.209 -22.689 -23.105 -23.313 -23.209 -23.001 -23.209 -22.793 -23.001 -23.105 -22.793 -22.585 -22.585 -23.001 -23.001 -23.313 -23.209 -23.209 -23.209 -22.897 -23.313 -23.105 -23.313 -22.585 -23.001 -22.481 -23.522 -23.105 -23.001 -23.105 -23.209 -23.105 -22.897 -22.793 -23.001 -23.417 -23.105 -22.377 -23.417 -23.105 -22.689 -23.209 -22.897 -22.689 -22.793 -23.417 -23.313 -23.209 -22.897 -23.001 -22.793 -22.793 -23.001 -22.897 -22.585 -22.481 -22.585 -22.481 -22.689 -22.689 -22.585 -22.897 -22.689 -22.897 -22.897 -22.793 -22.897 -22.793 -23.001 -22.897 -22.689 -22.689 -22.064 -22.273 -22.897 -22.481 -22.689 -23.001 -22.897 -22.793 -23.001 -23.105 -23.001 -22.585 -23.001 -22.585 -22.585 -23.105 -22.481 -22.481 -22.168 -23.001 -22.793 -23.001 -22.585 -22.897 -23.209 -22.377 -22.481 -22.377 -22.585 -22.689 -22.897 -22.689 -22.585 -22.377 -22.585 -23.001 -23.105 -22.377 -22.689 -22.793 -22.793 -22.273 -22.689 -22.897 -22.689 -22.793 -22.793 -22.793 -22.793 -22.689 -22.585 -22.585 -22.793 -22.689 -22.689 -22.273 -22.793 -22.689 -22.689 -22.689 -22.064 -23.105 -23.001 -23.001 -22.377 -22.689 -22.689 -22.273 -22.793 -23.105 -22.897 -22.481 -22.689 -22.793 -23.105 -23.105 -23.105 -23.417 -23.001 -23.105 -23.001 -23.313 -22.897 -22.481 -22.585 -23.001 -23.105 -23.105 -23.105 -23.001 -22.793 -22.481 -22.585 -22.585 -22.273 -22.377 -23.001 -22.897 -22.793 -22.793 -23.001 -22.897 -22.793 -23.001 -22.585 -22.689 -22.793 -22.585 -22.585 -22.897 -23.001 -23.105 -23.001 -23.001 -22.793 -23.001 -23.209 -23.001 -23.209 -23.417 -23.209 -23.313 -23.105 -23.001 -23.105 -23.313 -22.689 -23.105 -23.313 -22.793 -23.001 -23.313 -23.105 -23.313 -23.105 -22.689 -23.105 -23.001 -23.522 -23.001 -22.585 -23.209 -22.897 -23.001 -23.313 -23.313 -22.793 -22.689 -23.105 -23.209 -23.209 -23.001 -23.105 -23.105 -23.105 -23.105 -22.585 -22.897 -22.689 -22.897 -22.897 -23.209 -23.001 -23.105 -22.793 -22.585 -22.377 -22.897 -22.689 -22.793 -23.105 -23.105 -23.105 -22.897 -23.417 -23.001 -23.209 -23.105 -23.001 -23.001 -22.897 -22.897 -22.897 -23.001 -23.001 -22.897 -23.105 -22.897 -22.585 -23.105 -22.793 -23.105 -22.585 -22.793 -22.585 -22.585 -22.793 -23.313 -23.417 -23.209 -23.105 -22.897 -23.105 -23.105 -22.897 -22.897 -22.793 -23.001 -22.897 -22.793 -22.793 -22.689 -22.585 -22.585 -22.897 -23.001 -22.585 -22.377 -22.585 -22.793 -22.481 -22.897 -22.689 -22.897 -22.689 -22.481 -22.273 -22.481 -22.585 -22.897 -23.001 -23.001 -23.001 -22.585 -22.897 -22.793 -22.585 -23.313 -22.585 -23.001 -22.481 -22.897 -22.585 -22.897 -22.793 -23.105 -22.585 -22.689 -23.001 
