# name: phAngle
# type: matrix
# rows: 1
# columns: 360
 326 326 326 326 326 326 326 326 326 326 326 326 326 326 326 326 0 359 358 359 356 346 353 353 353 353 353 353 353 353 353 353 353 353 353 353 353 353 353 353 353 353 353 353 353 353 353 353 353 353 353 353 353 353 353 353 353 353 353 353 353 353 353 353 353 353 353 353 353 353 353 353 353 353 353 353 353 353 353 353 353 353 353 353 353 353 353 353 353 353 353 353 353 353 353 353 353 353 353 353 353 353 353 353 353 353 326 326 326 326 326 326 326 326 326 326 326 326 326 326 326 326 326 326 326 326 326 326 326 326 326 326 326 326 326 326 326 326 326 326 326 326 326 326 326 326 326 326 326 326 326 326 326 326 326 326 326 326 326 326 326 326 326 326 326 326 326 326 326 326 326 326 326 326 326 326 326 326 326 326 326 326 326 326 326 326 326 326 326 326 326 326 326 326 326 326 326 326 326 326 326 326 326 326 326 326 326 326 326 326 326 326 326 326 326 326 326 326 326 326 326 326 326 326 326 326 326 326 326 326 326 326 326 326 326 326 326 326 326 326 326 326 326 326 326 326 326 326 326 326 326 326 326 326 326 326 326 326 326 326 326 326 326 326 326 326 326 326 326 326 326 326 326 326 326 326 326 326 326 326 326 326 326 326 326 326 326 326 326 326 326 326 326 326 326 326 326 326 326 326 326 326 326 326 326 326 326 326 326 326 326 326 326 326 326 326 326 326 326 326 326 326 326 326 326 326 326 326 326 326 326 326 326 326 326 326 326 326 326 326 326 326 326 326 326 326 326 326 326 326 326 326 326 326 326 326 326 326 326 326 
# name: freq
# type: matrix
# rows: 1
# columns: 360
 50.0 50.0 50.0 50.0 50.0 50.0 50.0 50.0 50.0 50.0 50.0 50.0 50.0 50.0 50.0 50.0 50.0 50.0 50.0 50.0 50.0 50.0 50.0 50.0 50.0 50.0 50.0 50.0 50.0 50.0 50.0 50.0 50.0 50.0 50.0 50.0 50.0 50.0 50.0 50.0 50.0 50.0 50.0 50.0 50.0 50.0 50.0 50.0 50.0 50.0 50.0 50.0 50.0 50.0 50.0 50.0 50.0 50.0 50.0 50.0 50.0 50.0 50.0 50.0 50.0 50.0 50.0 50.0 50.0 50.0 50.0 50.0 50.0 50.0 50.0 50.0 50.0 50.0 50.0 50.0 50.0 50.0 50.0 50.0 50.0 50.0 50.0 50.0 50.0 50.0 50.0 50.0 50.0 50.0 50.0 50.0 50.0 50.0 50.0 50.0 50.0 50.0 50.0 50.0 50.0 50.0 50.0 50.0 50.0 50.0 50.0 50.0 50.0 50.0 50.0 50.0 50.0 50.0 50.0 50.0 50.0 50.0 50.0 50.0 50.0 50.0 50.0 50.0 50.0 50.0 50.0 50.0 50.0 50.0 50.0 50.0 50.0 50.0 50.0 50.0 50.0 50.0 50.0 50.0 50.0 50.0 50.0 50.0 50.0 50.0 50.0 50.0 50.0 50.0 50.0 50.0 50.0 50.0 50.0 50.0 50.0 50.0 50.0 50.0 50.0 50.0 50.0 50.0 50.0 50.0 50.0 50.0 50.0 50.0 50.0 50.0 50.0 50.0 50.0 50.0 50.0 50.0 50.0 50.0 50.0 50.0 50.0 50.0 50.0 50.0 50.0 50.0 50.0 50.0 50.0 50.0 50.0 50.0 50.0 50.0 50.0 50.0 50.0 50.0 50.0 50.0 50.0 50.0 50.0 50.0 50.0 50.0 50.0 50.0 50.0 50.0 50.0 50.0 50.0 50.0 50.0 50.0 50.0 50.0 50.0 50.0 50.0 50.0 50.0 50.0 50.0 50.0 50.0 50.0 50.0 50.0 50.0 50.0 50.0 50.0 50.0 50.0 50.0 50.0 50.0 50.0 50.0 50.0 50.0 50.0 50.0 50.0 50.0 50.0 50.0 50.0 50.0 50.0 50.0 50.0 50.0 50.0 50.0 50.0 50.0 50.0 50.0 50.0 50.0 50.0 50.0 50.0 50.0 50.0 50.0 50.0 50.0 50.0 50.0 50.0 50.0 50.0 50.0 50.0 50.0 50.0 50.0 50.0 50.0 50.0 50.0 50.0 50.0 50.0 50.0 50.0 50.0 50.0 50.0 50.0 50.0 50.0 50.0 50.0 50.0 50.0 50.0 50.0 50.0 50.0 50.0 50.0 50.0 50.0 50.0 50.0 50.0 50.0 50.0 50.0 50.0 50.0 50.0 50.0 50.0 50.0 50.0 50.0 50.0 50.0 50.0 50.0 50.0 50.0 50.0 50.0 50.0 50.0 50.0 50.0 50.0 50.0 50.0 50.0 50.0 50.0 50.0 50.0 50.0 50.0 50.0 50.0 50.0 50.0 50.0 50.0 50.0 50.0 50.0 50.0 
# name: reacPower
# type: matrix
# rows: 1
# columns: 360
 -4.865 -4.968 -4.865 -4.968 -4.968 -4.968 -4.968 -4.968 -4.968 -4.968 -4.968 -5.072 -4.968 -4.968 -4.968 -5.072 -5.693 -7.142 -7.246 -5.176 -3.623 -4.037 -4.037 -4.037 -4.037 -4.037 -4.037 -4.037 -4.037 -4.037 -3.933 -3.83 -3.83 -3.83 -3.933 -3.933 -3.83 -3.83 -3.933 -3.933 -3.83 -3.83 -3.726 -3.83 -3.83 -3.83 -3.83 -4.037 -3.83 -3.83 -3.83 -3.83 -3.726 -3.623 -3.726 -3.83 -3.83 -3.83 -3.83 -3.83 -3.726 -3.726 -3.83 -3.83 -3.726 -3.83 -3.726 -3.83 -3.83 -3.83 -3.83 -3.83 -3.933 -3.933 -3.83 -3.933 -3.933 -3.933 -3.83 -3.933 -3.83 -3.933 -3.933 -3.933 -3.83 -3.83 -3.933 -3.933 -3.933 -3.83 -3.933 -4.037 -3.83 -3.933 -3.83 -3.933 -3.933 -4.037 -3.933 -4.037 -3.83 -3.83 -3.933 -4.037 -3.933 -3.933 -5.072 -5.072 -5.176 -5.072 -5.072 -5.072 -5.072 -4.968 -4.968 -4.968 -4.968 -4.968 -4.968 -4.968 -4.968 -4.968 -4.968 -4.968 -4.968 -4.968 -4.968 -4.968 -4.968 -4.968 -4.968 -4.968 -4.968 -4.968 -4.968 -4.968 -4.968 -4.968 -5.072 -4.968 -4.968 -4.968 -4.968 -4.968 -4.968 -4.968 -4.968 -4.968 -4.968 -5.072 -5.072 -5.072 -4.968 -4.968 -4.968 -5.072 -5.072 -5.072 -5.072 -5.072 -5.072 -4.968 -4.968 -5.072 -4.968 -4.968 -4.968 -4.968 -4.968 -4.968 -4.968 -4.968 -4.968 -4.968 -4.968 -4.968 -4.865 -4.865 -4.865 -4.865 -4.968 -4.968 -4.968 -4.968 -4.968 -4.968 -4.968 -4.968 -4.968 -5.072 -5.072 -4.968 -5.072 -5.072 -5.072 -5.072 -5.072 -5.072 -5.072 -4.968 -5.072 -4.968 -4.968 -4.968 -5.072 -4.968 -4.968 -4.968 -5.072 -5.072 -5.072 -5.072 -5.072 -5.072 -5.072 -4.968 -5.072 -5.072 -5.072 -5.072 -5.072 -4.968 -4.968 -4.968 -4.968 -4.968 -4.968 -4.968 -4.968 -4.968 -4.968 -4.968 -4.968 -4.968 -4.968 -5.072 -5.072 -4.968 -4.968 -4.968 -4.968 -4.968 -4.865 -4.865 -4.865 -4.865 -4.865 -4.968 -4.968 -4.968 -4.865 -4.968 -4.968 -4.865 -4.968 -4.968 -4.865 -4.968 -4.968 -4.968 -4.968 -4.968 -4.968 -4.968 -4.968 -4.968 -4.968 -4.968 -4.968 -4.968 -4.968 -4.968 -4.968 -4.968 -4.968 -4.968 -4.865 -4.968 -4.968 -4.968 -5.072 -5.072 -5.072 -5.072 -5.072 -4.968 -5.072 -5.072 -5.072 -5.072 -4.968 -5.072 -5.072 -5.072 -4.968 -4.968 -5.072 -5.072 -4.968 -4.968 -4.865 -4.865 -4.865 -4.865 -4.968 -4.865 -4.865 -4.968 -4.968 -4.968 -5.072 -4.968 -5.072 -5.176 -5.176 -5.176 -5.072 -4.968 -5.072 -5.072 -5.072 -5.072 -5.072 -5.072 -5.072 -5.072 -5.176 -5.072 -5.176 -5.072 -5.072 -5.072 -5.072 -4.968 -4.968 -5.072 -5.176 -5.072 -5.072 -5.072 -5.176 -5.176 -5.072 -5.176 -5.072 -5.176 -5.072 -5.072 -5.072 -5.072 -5.072 -5.072 -5.072 -5.072 -5.072 -5.072 -5.072 -5.072 -4.968 -4.968 
