# name: phAngle
# type: matrix
# rows: 1
# columns: 360
 326 326 326 326 326 326 326 326 326 356 359 359 359 359 356 353 353 353 353 353 353 353 353 353 353 353 353 353 353 353 353 353 353 353 353 353 353 353 353 353 353 353 353 353 353 353 353 353 353 353 353 353 353 353 353 353 353 353 353 353 353 353 353 353 353 353 353 353 353 353 353 353 353 353 353 353 353 353 353 353 353 353 353 353 353 353 353 353 353 353 353 353 353 353 353 353 353 353 353 353 326 326 326 326 326 326 326 326 326 326 326 326 326 326 326 326 326 326 326 326 326 326 326 326 326 326 326 326 326 326 326 326 326 326 326 326 326 326 326 326 326 326 326 326 326 326 326 326 326 326 326 326 326 326 326 326 326 326 326 326 326 326 326 326 326 326 326 326 326 326 326 326 326 326 326 326 326 326 326 326 326 326 326 326 326 326 326 326 326 326 326 326 326 326 326 326 326 326 326 326 326 326 326 326 326 326 326 326 326 326 326 326 326 326 326 326 326 326 326 326 326 326 326 326 326 326 326 326 326 326 326 326 326 326 326 326 326 326 326 326 326 326 326 326 326 326 326 326 326 326 326 326 326 326 326 326 326 326 326 326 326 326 326 326 326 326 326 326 326 326 326 326 326 326 326 326 326 326 326 326 326 326 326 326 326 326 326 326 326 326 326 326 326 326 326 326 326 326 326 326 326 326 326 326 326 326 326 326 326 326 326 326 326 326 326 326 326 326 326 326 326 326 326 326 326 326 326 326 326 326 326 326 326 326 326 326 326 326 326 326 326 326 326 326 326 326 326 326 326 326 326 326 326 326 326 326 326 326 326 326 
# name: freq
# type: matrix
# rows: 1
# columns: 360
 50.0 50.0 50.0 50.0 50.0 50.0 50.0 50.0 50.0 50.0 50.0 50.0 50.0 50.0 50.0 50.0 50.0 50.0 50.0 50.0 50.0 50.0 50.0 50.0 50.0 50.0 50.0 50.0 50.0 50.0 50.0 50.0 50.0 50.0 50.0 50.0 50.0 50.0 50.0 50.0 50.0 50.0 50.0 50.0 50.0 50.0 50.0 50.0 50.0 50.0 50.0 50.0 50.0 50.0 50.0 50.0 50.0 50.0 50.0 50.0 50.0 50.0 50.0 50.0 50.0 50.0 50.0 50.0 50.0 50.0 50.0 50.0 50.0 50.0 50.0 50.0 50.0 50.0 50.0 50.0 50.0 50.0 50.0 50.0 50.0 50.0 50.0 50.0 50.0 50.0 50.0 50.0 50.0 50.0 50.0 50.0 50.0 50.0 50.0 50.0 50.0 50.0 50.0 50.0 50.0 50.0 50.0 50.0 50.0 50.0 50.0 50.0 50.0 50.0 50.0 50.0 50.0 50.0 50.0 50.0 50.0 50.0 50.0 50.0 50.0 50.0 50.0 50.0 50.0 50.0 50.0 50.0 50.0 50.0 50.0 50.0 50.0 50.0 50.0 50.0 50.0 50.0 50.0 50.0 50.0 50.0 50.0 50.0 50.0 50.0 50.0 50.0 50.0 50.0 50.0 50.0 50.0 50.0 50.0 50.0 50.0 50.0 50.0 50.0 50.0 50.0 50.0 50.0 50.0 50.0 50.0 50.0 50.0 50.0 50.0 50.0 50.0 50.0 50.0 50.0 50.0 50.0 50.0 50.0 50.0 50.0 50.0 50.0 50.0 50.0 50.0 50.0 50.0 50.0 50.0 50.0 50.0 50.0 50.0 50.0 50.0 50.0 50.0 50.0 50.0 50.0 50.0 50.0 50.0 50.0 50.0 50.0 50.0 50.0 50.0 50.0 50.0 50.0 50.0 50.0 50.0 50.0 50.0 50.0 50.0 50.0 50.0 50.0 50.0 50.0 50.0 50.0 50.0 50.0 50.0 50.0 50.0 50.0 50.0 50.0 50.0 50.0 50.0 50.0 50.0 50.0 50.0 50.0 50.0 50.0 50.0 50.0 50.0 50.0 50.0 50.0 50.0 50.0 50.0 50.0 50.0 50.0 50.0 50.0 50.0 50.0 50.0 50.0 50.0 50.0 50.0 50.0 50.0 50.0 50.0 50.0 50.0 50.0 50.0 50.0 50.0 50.0 50.0 50.0 50.0 50.0 50.0 50.0 50.0 50.0 50.0 50.0 50.0 50.0 50.0 50.0 50.0 50.0 50.0 50.0 50.0 50.0 50.0 50.0 50.0 50.0 50.0 50.0 50.0 50.0 50.0 50.0 50.0 50.0 50.0 50.0 50.0 50.0 50.0 50.0 50.0 50.0 50.0 50.0 50.0 50.0 50.0 50.0 50.0 50.0 50.0 50.0 50.0 50.0 50.0 50.0 50.0 50.0 50.0 50.0 50.0 50.0 50.0 50.0 50.0 50.0 50.0 50.0 50.0 50.0 50.0 50.0 50.0 50.0 50.0 50.0 50.0 50.0 50.0 50.0 
# name: reacPower
# type: matrix
# rows: 1
# columns: 360
 -4.968 -4.968 -4.865 -4.968 -4.968 -4.968 -4.968 -5.072 -5.072 -3.209 -5.486 -5.693 -5.9 -4.968 -3.209 -3.623 -3.623 -3.726 -3.623 -3.726 -3.726 -3.726 -3.83 -3.726 -3.726 -3.726 -3.726 -3.623 -3.726 -3.726 -3.623 -3.623 -3.623 -3.623 -3.623 -3.623 -3.623 -3.726 -3.83 -3.83 -3.83 -3.623 -3.726 -3.726 -3.726 -3.726 -3.726 -3.933 -3.83 -3.726 -3.83 -3.726 -3.83 -3.623 -3.83 -3.83 -3.83 -3.933 -3.933 -3.83 -3.933 -3.83 -3.726 -3.623 -3.726 -3.83 -3.726 -3.726 -3.726 -3.726 -3.83 -3.726 -3.933 -3.83 -3.83 -3.726 -3.933 -3.83 -3.83 -3.83 -3.623 -3.726 -3.83 -3.726 -3.726 -3.726 -3.726 -3.83 -3.83 -3.83 -3.933 -3.83 -3.83 -3.83 -3.933 -3.83 -3.83 -3.83 -3.83 -3.933 -5.072 -5.072 -5.072 -5.072 -5.072 -4.968 -5.072 -5.072 -5.072 -5.072 -5.072 -5.072 -5.072 -5.072 -5.072 -5.072 -5.072 -4.968 -4.968 -4.865 -4.865 -4.865 -4.865 -4.968 -4.968 -4.968 -4.968 -4.968 -4.968 -4.865 -4.865 -4.968 -4.968 -4.968 -4.968 -4.968 -4.968 -4.968 -4.968 -4.968 -4.968 -4.968 -4.968 -4.968 -4.968 -4.968 -4.968 -4.968 -4.968 -4.968 -4.968 -4.968 -4.968 -4.968 -4.968 -5.072 -4.968 -4.968 -4.968 -4.968 -4.968 -4.968 -4.968 -4.968 -4.968 -4.968 -4.968 -4.968 -4.968 -4.968 -4.968 -4.968 -4.968 -4.968 -4.865 -4.865 -4.865 -4.865 -4.865 -4.865 -4.968 -4.968 -4.968 -5.072 -4.865 -4.865 -4.865 -4.865 -4.968 -4.865 -4.865 -4.865 -4.865 -4.761 -4.761 -4.761 -4.761 -4.865 -4.761 -4.865 -4.865 -4.865 -4.865 -4.865 -4.761 -4.865 -4.865 -4.761 -4.865 -4.865 -4.865 -4.865 -4.761 -4.761 -4.865 -4.761 -4.865 -4.865 -4.761 -4.761 -4.761 -4.761 -4.865 -4.865 -4.865 -4.968 -4.968 -4.968 -4.968 -4.968 -5.176 -5.176 -5.072 -5.072 -5.176 -5.072 -5.072 -5.176 -5.072 -5.072 -5.072 -5.072 -5.072 -5.072 -5.072 -5.072 -5.072 -4.968 -4.968 -5.072 -5.072 -4.968 -4.968 -4.968 -4.968 -4.968 -4.968 -4.968 -4.968 -4.968 -4.968 -4.968 -4.968 -4.968 -4.865 -4.968 -4.968 -4.968 -4.968 -4.968 -4.865 -4.968 -4.968 -4.968 -4.968 -4.968 -4.968 -4.968 -5.072 -5.072 -4.968 -4.968 -4.968 -4.968 -5.072 -4.968 -5.072 -4.968 -4.968 -4.968 -5.072 -4.968 -4.968 -5.072 -5.072 -5.072 -5.072 -5.072 -5.072 -5.072 -5.176 -5.072 -5.072 -5.072 -5.072 -5.072 -5.072 -5.072 -4.968 -5.072 -4.968 -4.968 -4.968 -4.968 -4.968 -4.968 -4.968 -4.968 -4.968 -4.968 -4.968 -4.968 -5.072 -4.968 -4.968 -5.072 -4.968 -4.968 -4.968 -5.072 -5.072 -5.072 -4.968 -5.072 -5.072 -4.968 -5.072 -4.968 -4.968 -4.968 -4.968 -4.968 -4.968 -5.072 -4.968 -4.968 -5.072 -5.072 -5.072 -5.072 -5.072 -5.072 -5.072 -4.968 -4.865 -4.865 -4.865 -4.865 -4.865 -4.968 
