# name: phAngle
# type: matrix
# rows: 1
# columns: 359
 293 293 293 293 293 293 293 293 293 293 293 293 293 293 293 293 293 293 293 293 293 293 293 293 293 293 293 293 293 293 293 293 293 293 293 293 293 293 293 293 293 293 293 293 293 293 293 293 293 293 293 293 293 293 293 293 293 293 293 293 293 293 293 293 293 293 293 293 293 293 293 293 293 293 293 293 293 293 293 293 293 293 293 293 293 293 293 293 293 293 293 293 293 293 293 293 293 293 293 293 293 293 293 293 293 293 293 293 293 293 293 293 293 293 293 293 293 293 293 293 293 293 293 293 293 293 293 293 293 293 293 293 293 293 293 293 293 293 293 293 293 293 293 293 293 293 293 293 293 293 293 293 293 293 293 293 293 293 293 293 293 293 293 293 293 293 293 293 293 293 293 293 293 293 293 293 293 293 293 293 293 293 293 293 293 293 293 293 293 293 293 293 293 293 293 293 293 293 293 293 293 293 293 293 293 293 293 293 293 293 293 293 293 293 293 293 293 293 293 293 293 293 293 293 293 293 23 19 20 311 311 311 293 293 293 293 293 293 293 293 293 293 293 293 293 293 293 293 293 293 293 293 293 293 293 293 293 293 293 293 293 293 293 293 293 293 293 293 293 293 293 293 293 293 293 293 293 293 293 293 293 293 293 293 293 293 293 293 293 293 293 293 293 293 293 293 293 293 293 293 293 293 293 293 293 293 293 293 293 293 293 293 293 293 293 293 293 293 293 293 293 293 293 293 293 293 293 293 293 293 293 293 293 293 293 293 293 293 293 293 293 293 293 293 293 293 293 293 293 293 293 293 293 293 293 293 293 293 293 
# name: freq
# type: matrix
# rows: 1
# columns: 359
 50.0 50.0 50.0 50.0 50.0 50.0 50.0 50.0 50.0 50.0 50.0 50.0 50.0 50.0 50.0 50.0 50.0 50.0 50.0 50.0 50.0 50.0 50.0 50.0 50.0 50.0 50.0 50.0 50.0 50.0 50.0 50.0 50.0 50.0 50.0 50.0 50.0 50.0 50.0 50.0 50.0 50.0 50.0 50.0 50.0 50.0 50.0 50.0 50.0 50.0 50.0 50.0 50.0 50.0 50.0 49.9 50.0 50.0 50.0 50.0 50.0 50.0 50.0 50.0 50.0 50.0 50.0 50.0 50.0 50.0 50.0 50.0 50.0 50.0 50.0 50.0 50.0 50.0 50.0 50.0 50.0 50.0 50.0 50.0 50.0 50.0 50.0 50.0 50.0 50.0 50.0 50.0 50.0 50.0 50.0 50.0 50.0 50.0 50.0 50.0 50.0 50.0 50.0 50.0 50.0 50.0 50.0 50.0 50.0 50.0 50.0 50.0 50.0 50.0 50.0 50.0 50.0 50.0 50.0 50.0 50.0 50.0 50.0 50.0 50.0 50.0 50.0 50.0 50.0 50.0 50.0 50.0 50.0 50.0 50.0 50.0 50.0 50.0 50.0 50.0 50.0 50.0 50.0 50.0 50.0 50.0 50.0 50.0 50.0 50.0 50.0 50.0 50.0 50.0 50.0 50.0 50.0 50.0 50.0 50.0 50.0 50.0 50.0 50.0 50.0 50.0 50.0 50.0 50.0 50.0 50.0 50.0 50.0 50.0 50.0 50.0 50.0 50.0 50.0 50.0 50.0 50.0 50.0 50.0 50.0 50.0 50.0 50.0 50.0 50.0 50.0 50.0 50.0 50.0 50.0 50.0 50.0 50.0 50.0 50.0 50.0 50.0 50.0 50.0 50.0 50.0 50.0 50.0 50.0 50.0 50.0 50.0 50.0 50.0 50.0 50.0 50.0 50.0 50.0 50.0 50.0 50.0 50.0 50.0 50.0 50.0 50.0 50.0 50.0 50.0 50.0 50.0 50.0 50.0 50.0 50.0 50.0 50.0 50.0 50.0 50.0 50.0 50.0 50.0 50.0 50.0 50.0 50.0 50.0 50.0 50.0 50.0 50.0 50.0 50.0 50.0 50.0 50.0 50.0 50.0 50.0 50.0 50.0 50.0 50.0 50.0 50.0 50.0 50.0 50.0 50.0 50.0 50.0 50.0 50.0 50.0 50.0 50.0 50.0 50.0 50.0 50.0 50.0 50.0 50.0 50.0 50.0 50.0 50.0 50.0 50.0 50.0 50.0 50.0 50.0 50.0 50.0 50.0 50.0 50.0 50.0 50.0 50.0 50.0 50.0 50.0 50.0 50.0 50.0 50.0 50.0 50.0 50.0 50.0 50.0 50.0 50.0 50.0 50.0 50.0 50.0 50.0 50.0 50.0 50.0 50.0 50.0 50.0 50.0 50.0 50.0 50.0 50.0 50.0 50.0 50.0 50.0 50.0 50.0 50.0 50.0 50.0 50.0 50.0 50.0 50.0 50.0 50.0 50.0 50.0 50.0 50.0 50.0 50.0 50.0 50.0 50.0 50.0 50.0 
# name: reacPower
# type: matrix
# rows: 1
# columns: 359
 -15.528 -15.424 -15.321 -15.424 -15.321 -15.528 -15.424 -15.321 -15.321 -15.424 -15.321 -15.424 -15.424 -15.424 -15.424 -15.424 -15.321 -15.321 -15.424 -15.528 -15.528 -15.528 -15.528 -15.528 -15.424 -15.528 -15.424 -15.528 -15.424 -15.424 -15.321 -15.424 -15.528 -15.424 -15.424 -15.321 -15.424 -15.424 -15.528 -15.424 -15.424 -15.424 -15.321 -15.321 -15.217 -15.424 -15.424 -15.424 -15.424 -15.735 -15.735 -15.838 -15.838 -15.838 -15.838 -15.838 -15.838 -15.838 -15.942 -15.942 -15.838 -15.735 -15.838 -15.838 -15.838 -15.838 -15.838 -15.838 -15.838 -15.942 -15.838 -15.838 -15.838 -15.838 -15.838 -15.838 -15.838 -15.838 -15.838 -15.838 -15.838 -15.838 -15.942 -15.838 -15.942 -15.838 -15.942 -15.838 -15.942 -15.942 -15.942 -15.942 -15.942 -15.838 -15.838 -15.942 -15.838 -15.838 -15.838 -15.838 -15.838 -15.838 -15.838 -15.838 -15.942 -15.942 -15.838 -15.838 -15.735 -15.735 -15.942 -15.942 -15.838 -16.045 -15.942 -15.942 -15.942 -16.045 -15.942 -15.838 -15.838 -15.735 -15.735 -15.838 -15.942 -15.838 -15.838 -15.838 -15.735 -15.735 -15.735 -15.838 -15.838 -15.838 -15.838 -15.631 -15.735 -15.735 -15.631 -15.735 -15.735 -15.735 -15.735 -15.735 -15.838 -15.942 -15.735 -15.838 -15.838 -15.838 -15.942 -15.838 -15.838 -15.838 -15.838 -15.838 -15.735 -15.838 -15.838 -15.735 -15.838 -15.838 -15.735 -15.838 -15.838 -15.631 -15.631 -15.631 -15.735 -15.735 -15.631 -15.631 -15.631 -15.631 -15.631 -15.528 -15.528 -15.528 -15.528 -15.424 -15.424 -15.528 -15.528 -15.631 -15.631 -15.631 -15.631 -15.631 -15.528 -15.528 -15.735 -15.735 -15.735 -15.528 -15.631 -15.631 -15.528 -15.528 -15.735 -15.631 -15.735 -15.631 -15.528 -15.528 -15.528 -15.631 -15.631 -15.528 -15.631 -15.631 -15.631 -15.631 -15.631 -15.528 -15.528 -15.424 -15.528 -15.424 -15.528 -15.528 -15.528 -15.528 -15.321 -15.528 -15.631 -15.631 75.983 259.111 265.115 -15.942 -15.838 -15.838 -15.735 -15.631 -15.631 -15.735 -15.631 -15.631 -15.631 -15.631 -15.631 -15.631 -15.735 -15.631 -15.631 -15.735 -15.631 -15.631 -15.528 -15.528 -15.631 -15.528 -15.735 -15.631 -15.735 -15.735 -15.631 -15.631 -15.631 -15.631 -15.631 -15.735 -15.735 -15.631 -15.631 -15.735 -15.631 -15.528 -15.528 -15.528 -15.528 -15.631 -15.424 -15.424 -15.631 -15.631 -15.528 -15.631 -15.631 -15.631 -15.735 -15.735 -15.631 -15.631 -15.631 -15.631 -15.735 -15.631 -15.631 -15.528 -15.631 -15.528 -15.631 -15.631 -15.631 -15.631 -15.631 -15.631 -15.735 -15.631 -15.631 -15.631 -15.528 -15.631 -15.631 -15.528 -15.528 -15.424 -15.528 -15.631 -15.528 -15.528 -15.424 -15.424 -15.528 -15.528 -15.528 -15.631 -15.631 -15.631 -15.631 -15.631 -15.631 -15.528 -15.631 -15.528 -15.528 -15.528 -15.631 -15.631 -15.528 -15.528 -15.528 -15.528 -15.528 -15.424 -15.528 -15.631 -15.631 -15.528 -15.631 -15.631 -15.631 -15.528 -15.631 -15.528 -15.631 -15.631 -15.631 -15.631 -15.631 -15.631 -15.631 -15.631 -15.631 -15.735 -15.735 -15.735 -15.735 
