# name: phAngle
# type: matrix
# rows: 1
# columns: 359
 293 293 293 293 293 293 293 293 293 293 293 293 293 293 293 293 293 293 293 293 293 293 293 293 293 293 293 293 293 293 293 293 293 293 293 293 293 293 293 293 293 293 293 293 293 293 293 293 293 293 293 293 293 293 293 293 293 293 293 293 293 293 293 293 293 293 293 293 293 293 293 293 293 293 293 293 293 293 293 293 293 293 293 293 293 293 293 293 19 21 311 311 311 293 293 293 293 293 293 293 293 293 293 293 293 293 293 293 293 293 293 293 293 293 293 293 293 293 293 293 293 293 293 293 293 293 293 293 293 293 293 293 293 293 293 293 293 293 293 293 293 293 293 293 293 293 293 293 293 293 293 293 293 293 293 293 293 293 293 293 293 293 293 293 293 293 293 293 293 293 293 293 293 293 293 293 293 293 293 293 293 293 293 293 293 293 293 293 293 293 293 293 293 293 293 293 293 293 293 293 293 293 293 293 293 293 293 293 293 293 293 293 293 293 293 293 293 293 293 293 293 293 293 293 293 293 293 293 293 293 293 293 293 293 293 293 293 293 293 293 293 293 293 293 293 293 293 293 293 293 293 293 293 293 293 293 293 293 293 293 293 293 293 293 293 293 293 293 293 293 293 293 293 293 293 293 293 293 293 293 293 293 293 293 293 293 293 293 293 293 293 293 293 293 293 293 293 293 293 293 293 293 293 293 293 293 293 293 293 293 293 293 293 293 293 293 293 293 293 293 293 293 293 293 293 293 293 293 293 293 293 293 293 293 293 293 293 293 293 293 293 293 293 293 293 293 293 293 293 293 293 293 293 293 293 293 293 293 293 
# name: freq
# type: matrix
# rows: 1
# columns: 359
 50.0 50.0 50.0 50.0 50.0 50.0 50.0 50.0 50.0 50.0 50.0 50.0 50.0 50.0 50.0 50.0 50.0 50.0 50.0 50.0 50.0 50.0 50.0 50.0 50.0 50.0 50.0 50.0 50.0 50.0 50.0 50.0 50.0 50.0 50.0 50.0 50.0 50.0 50.0 50.0 50.0 50.0 50.0 50.0 50.0 50.0 50.0 50.0 50.0 50.0 50.0 50.0 50.0 50.0 50.0 50.0 50.0 50.0 50.0 50.0 50.0 50.0 50.0 50.0 50.0 50.0 50.0 50.0 50.0 50.0 50.0 50.0 50.0 50.0 50.0 50.0 50.0 50.0 50.0 50.0 50.0 50.0 50.0 50.0 50.0 50.0 50.0 50.0 50.0 50.0 50.0 50.0 50.0 50.0 50.0 50.0 50.0 50.0 50.0 50.0 50.0 50.0 50.0 50.0 50.0 50.0 50.0 50.0 50.0 50.0 50.0 50.0 50.0 50.0 50.0 50.0 50.0 50.0 50.0 50.0 50.0 50.0 50.0 50.0 50.0 50.0 50.0 50.0 50.0 50.0 50.0 50.0 50.0 50.0 50.0 50.0 50.0 50.0 50.0 50.0 50.0 50.0 50.0 50.0 50.0 50.0 50.0 50.0 50.0 50.0 50.0 50.0 50.0 50.0 50.0 50.0 50.0 50.0 50.0 50.0 50.0 50.0 50.0 50.0 50.0 50.0 50.0 50.0 50.0 50.0 50.0 50.0 50.0 50.0 50.0 50.0 50.0 50.0 50.0 50.0 50.0 50.0 50.0 50.0 50.0 50.0 50.0 50.0 50.0 50.0 50.0 50.0 50.0 50.0 50.0 50.0 50.0 50.0 50.0 50.0 50.0 50.0 50.0 50.0 50.0 50.0 50.0 50.0 50.0 50.0 50.0 50.0 50.0 50.0 50.0 50.0 50.0 50.0 50.0 50.0 50.0 50.0 50.0 50.0 50.0 50.0 50.0 50.0 50.0 50.0 50.0 50.0 50.0 50.0 50.0 50.0 50.0 50.0 50.0 50.0 50.0 50.0 50.0 50.0 50.0 50.0 50.0 50.0 50.0 50.0 50.0 50.0 50.0 50.0 50.0 50.0 50.0 50.0 50.0 50.0 50.0 50.0 50.0 50.0 50.0 50.0 50.0 50.0 50.0 50.0 50.0 50.0 50.0 50.0 50.0 50.0 50.0 50.0 50.0 50.0 50.0 50.0 50.0 50.0 50.0 50.0 50.0 50.0 50.0 50.0 50.0 50.0 50.0 50.0 50.0 50.0 50.0 50.0 50.0 50.0 50.0 50.0 50.0 50.0 50.0 50.0 50.0 50.0 50.0 50.0 50.0 50.0 50.0 50.0 50.0 50.0 50.0 50.0 50.0 50.0 50.0 50.0 50.0 50.0 50.0 50.0 50.0 50.0 50.0 50.0 50.0 50.0 50.0 50.0 50.0 50.0 50.0 50.0 50.0 50.0 50.0 50.0 50.0 50.0 50.0 50.0 50.0 50.0 50.0 50.0 50.0 50.0 50.0 50.0 50.0 50.0 50.0 50.0 50.0 
# name: reacPower
# type: matrix
# rows: 1
# columns: 359
 -15.735 -15.528 -15.528 -15.631 -15.631 -15.631 -15.631 -15.631 -15.631 -15.631 -15.631 -15.631 -15.631 -15.631 -15.528 -15.528 -15.424 -15.631 -15.631 -15.631 -15.528 -15.631 -15.631 -15.735 -15.631 -15.528 -15.528 -15.631 -15.528 -15.631 -15.631 -15.528 -15.528 -15.528 -15.528 -15.631 -15.631 -15.528 -15.631 -15.631 -15.528 -15.735 -15.735 -15.631 -15.631 -15.735 -15.631 -15.631 -15.735 -15.735 -15.631 -15.631 -15.735 -15.838 -15.838 -15.838 -15.838 -15.735 -15.838 -15.735 -15.838 -15.735 -15.838 -15.735 -15.631 -15.631 -15.631 -15.631 -15.631 -15.631 -15.631 -15.631 -15.631 -15.631 -15.735 -15.735 -15.735 -15.631 -15.631 -15.631 -15.735 -15.735 -15.735 -15.735 -15.735 -15.735 -15.838 -15.838 259.525 270.602 -15.942 -15.838 -16.045 -15.735 -15.838 -15.735 -15.735 -15.735 -15.735 -15.735 -15.735 -15.735 -15.631 -15.631 -15.735 -15.735 -15.838 -15.735 -15.735 -15.735 -15.735 -15.735 -15.735 -15.838 -15.838 -15.838 -15.838 -15.838 -15.735 -15.735 -15.838 -15.735 -15.838 -15.631 -15.735 -15.631 -15.735 -15.735 -15.735 -15.838 -15.735 -15.735 -15.631 -15.735 -15.735 -15.735 -15.735 -15.631 -15.735 -15.631 -15.631 -15.631 -15.735 -15.631 -15.631 -15.631 -15.735 -15.631 -15.631 -15.631 -15.631 -15.631 -15.631 -15.631 -15.735 -15.838 -15.838 -15.838 -15.838 -15.735 -15.735 -15.735 -15.631 -15.631 -15.735 -15.631 -15.631 -15.528 -15.528 -15.631 -15.631 -15.631 -15.528 -15.631 -15.528 -15.424 -15.424 -15.321 -15.424 -15.424 -15.424 -15.321 -15.424 -15.424 -15.424 -15.424 -15.528 -15.528 -15.528 -15.424 -15.528 -15.528 -15.528 -15.528 -15.528 -15.528 -15.528 -15.528 -15.631 -15.631 -15.735 -15.631 -15.528 -15.528 -15.631 -15.631 -15.528 -15.528 -15.528 -15.424 -15.528 -15.528 -15.424 -15.528 -15.528 -15.528 -15.528 -15.631 -15.528 -15.528 -15.528 -15.528 -15.424 -15.424 -15.424 -15.631 -15.631 -15.631 -15.631 -15.528 -15.528 -15.528 -15.528 -15.528 -15.424 -15.424 -15.424 -15.631 -15.528 -15.528 -15.631 -15.631 -15.631 -15.631 -15.631 -15.631 -15.631 -15.735 -15.631 -15.631 -15.528 -15.631 -15.735 -15.631 -15.735 -15.631 -15.631 -15.735 -15.631 -15.528 -15.528 -15.528 -15.528 -15.528 -15.424 -15.528 -15.424 -15.528 -15.631 -15.528 -15.528 -15.631 -15.528 -15.528 -15.631 -15.424 -15.424 -15.424 -15.321 -15.321 -15.424 -15.424 -15.424 -15.424 -15.528 -15.424 -15.528 -15.321 -15.424 -15.528 -15.528 -15.528 -15.424 -15.424 -15.528 -15.528 -15.424 -15.424 -15.424 -15.424 -15.424 -15.424 -15.424 -15.424 -15.424 -15.424 -15.528 -15.528 -15.528 -15.528 -15.424 -15.424 -15.321 -15.528 -15.528 -15.528 -15.528 -15.424 -15.631 -15.528 -15.424 -15.528 -15.528 -15.528 -15.631 -15.528 -15.528 -15.528 -15.631 -15.424 -15.01 -15.321 -15.424 -15.321 -15.631 -15.528 -15.424 -15.838 -15.735 -15.424 -15.631 -15.735 -15.528 -15.528 -15.424 -15.631 -15.528 -15.631 -15.631 -15.631 -15.528 -15.528 -15.631 -15.631 -15.631 -15.631 -15.528 -15.528 -15.424 
