# name: phAngle
# type: matrix
# rows: 1
# columns: 358
 0 0 0 0 0 0 0 0 0 0 0 0 0 0 0 0 0 0 0 0 0 0 0 0 0 0 0 0 0 0 0 0 0 0 0 0 0 0 0 0 0 0 0 0 0 0 0 0 0 0 0 0 0 0 0 0 0 0 0 0 0 0 0 0 0 0 0 0 0 0 0 0 0 0 0 0 0 0 0 0 0 0 0 0 0 0 0 0 0 0 0 0 0 0 0 0 0 0 0 0 0 0 0 0 0 0 0 0 0 0 0 0 0 0 0 0 0 0 0 0 0 0 0 0 0 0 0 0 0 0 0 0 0 0 0 0 0 0 0 0 0 0 0 0 0 0 0 0 0 0 0 0 0 0 0 0 0 0 0 0 0 0 0 0 0 0 0 0 0 0 0 0 0 0 0 0 0 0 0 0 0 0 0 0 0 0 0 0 0 0 0 0 0 0 0 0 0 0 0 0 0 0 0 0 0 0 0 0 0 0 0 0 0 0 0 0 0 0 0 0 0 0 0 0 0 0 0 0 0 0 0 0 0 0 0 0 0 0 0 0 0 0 0 0 0 0 0 0 0 0 0 0 0 0 0 0 0 0 0 0 0 0 0 0 0 0 0 0 0 0 0 0 0 0 0 0 0 0 0 0 0 0 0 0 0 0 0 0 0 0 0 0 0 0 0 0 0 0 0 0 0 0 0 0 0 0 0 0 0 0 0 0 0 0 0 0 0 0 0 0 0 0 0 0 0 0 0 0 0 0 0 0 0 0 0 0 0 0 0 0 0 0 0 0 0 0 0 0 0 0 0 0 0 0 0 0 0 0 
# name: freq
# type: matrix
# rows: 1
# columns: 358
 50.0 50.0 50.0 50.0 50.0 50.0 50.0 50.0 50.0 50.0 50.0 50.0 50.0 50.0 50.0 50.0 50.0 50.0 50.0 50.0 50.0 50.0 50.0 50.0 50.0 50.0 50.0 50.0 50.0 50.0 50.0 50.0 50.0 50.0 50.0 50.0 50.0 50.0 50.0 50.0 50.0 50.0 50.0 50.0 50.0 50.0 50.0 50.0 50.0 50.0 50.0 50.0 50.0 50.0 50.0 50.0 50.0 50.0 50.0 50.0 50.0 50.0 50.0 50.0 50.0 50.0 50.0 50.0 50.0 50.0 50.0 50.0 50.0 50.0 50.0 50.0 50.0 50.0 50.0 50.0 50.0 50.0 50.0 50.0 50.0 50.0 50.0 50.0 50.0 50.0 50.0 50.0 50.0 50.0 50.0 50.0 50.0 50.0 50.0 50.0 50.0 50.0 50.0 50.0 50.0 50.0 50.0 50.0 50.0 50.0 50.0 50.0 50.0 50.0 50.0 50.0 50.0 50.0 50.0 50.0 50.0 50.0 50.0 50.0 50.0 50.0 50.0 50.0 50.0 50.0 50.0 50.0 50.0 50.0 50.0 50.0 50.0 50.0 50.0 50.0 50.0 50.0 50.0 50.0 50.0 50.0 50.0 50.0 50.0 50.0 50.0 50.0 50.0 50.0 50.0 50.0 50.0 50.0 50.0 50.0 50.0 50.0 50.0 50.0 50.0 50.0 50.0 50.0 50.0 50.0 50.0 50.0 50.0 50.0 50.0 50.0 50.0 50.0 50.0 50.0 50.0 50.0 50.0 50.0 50.0 50.0 50.0 50.0 50.0 50.0 50.0 50.0 50.0 50.0 50.0 50.0 50.0 50.0 50.0 50.0 50.0 50.0 50.0 50.0 50.0 50.0 50.0 50.0 50.0 50.0 50.0 50.0 50.0 50.0 50.0 50.0 49.9 50.0 49.9 49.9 49.9 49.9 49.9 49.9 49.9 49.9 49.9 49.9 49.9 49.9 50.0 49.9 49.9 49.9 49.9 50.0 50.0 50.0 50.0 50.0 50.0 49.9 49.9 50.0 50.0 49.9 49.9 50.0 50.0 50.0 50.0 50.0 50.0 50.0 50.0 50.0 50.0 50.0 50.0 50.0 50.0 50.0 50.0 50.0 50.0 50.0 50.0 50.0 50.0 50.0 50.0 50.0 50.0 50.0 50.0 50.0 50.0 50.0 50.0 50.0 50.0 50.0 50.0 50.0 50.0 50.0 50.0 50.0 50.0 50.0 50.0 50.0 50.0 50.0 50.0 50.0 50.0 50.0 50.0 50.0 50.0 50.0 50.0 50.0 50.0 50.0 50.0 50.0 50.0 50.0 50.0 50.0 50.0 50.0 50.0 50.0 50.0 50.0 50.0 50.0 50.0 50.0 50.0 50.0 50.0 50.0 50.0 50.0 50.0 50.0 50.0 50.0 50.0 50.0 50.0 50.0 50.0 50.0 50.0 50.0 50.0 50.0 50.0 50.0 50.0 50.0 50.0 50.0 50.0 50.0 50.0 50.0 50.0 50.0 50.0 50.0 50.0 50.0 
# name: reacPower
# type: matrix
# rows: 1
# columns: 358
 0.0 0.0 0.0 0.0 0.0 0.0 0.0 -1.242 -1.035 -1.035 -1.035 -1.035 -1.035 -1.035 -1.035 -1.035 -1.035 -1.035 -1.035 -1.035 -1.035 -1.035 -1.035 -1.035 -1.035 -1.035 -1.035 -1.035 -1.035 -1.035 -1.035 -1.035 -1.035 -1.035 -1.035 -1.035 -1.035 -1.035 -1.035 -1.035 -1.035 -1.035 -1.035 -1.035 -1.035 -1.035 -1.035 -1.035 -1.035 -1.035 -1.035 -1.035 -1.035 -1.035 -1.035 -1.035 -1.035 -1.035 -1.035 -1.035 -1.035 -1.035 -1.035 -1.035 -1.035 -1.035 -1.035 -1.035 -1.035 -1.035 -1.035 -1.035 -1.035 -1.035 -1.035 -1.035 -1.035 -1.035 -1.035 -1.035 -1.035 -1.035 -1.035 -1.035 -1.035 -1.035 -1.035 -1.035 -1.035 -1.035 -0.931 -1.035 -1.035 -1.035 -1.035 -1.035 -1.035 -1.035 -1.035 -1.035 -1.035 -1.035 -1.035 -1.035 -1.035 -0.931 -1.035 -0.931 -0.931 -0.931 -1.035 -0.931 -0.931 -0.931 -0.931 -1.035 -0.931 -0.931 -0.931 -0.931 -1.035 -0.931 -1.035 -0.931 -0.931 -0.931 -1.035 -1.035 -1.035 -0.931 -0.931 -1.035 -0.931 -0.931 -1.035 -1.035 -0.931 -1.035 -1.035 -0.931 -1.035 -1.035 -1.035 -1.035 -1.035 -1.035 -1.035 -0.931 -1.035 -0.931 -0.931 -0.931 -0.931 -1.035 -0.931 -1.035 -0.931 -0.931 -0.931 -0.931 -0.931 -0.931 -0.931 -0.931 -0.931 -0.931 -0.931 -0.931 -0.931 -0.931 -0.931 -0.931 -0.931 -0.931 -0.931 -0.931 -0.931 -0.931 -0.931 -0.931 -0.931 -0.931 -0.931 -0.931 -0.931 -0.931 -0.931 -0.931 -0.931 -0.931 -0.931 -0.931 -0.931 -0.931 -0.931 -0.931 -0.931 -0.931 -0.931 -0.931 -0.931 -0.931 -0.931 -0.931 -0.931 -0.931 -0.931 -0.931 -0.931 -0.931 -0.931 -0.931 -0.931 -0.931 -0.931 -0.931 -0.931 -0.931 -0.931 -0.931 -0.931 -0.931 -0.931 -0.931 -0.931 -0.931 -0.931 -0.931 -0.931 -0.931 -0.931 -0.931 -0.931 -0.931 -0.931 -0.931 -0.931 -0.931 -0.931 -0.931 -0.931 -0.931 -0.931 -0.931 -0.931 -0.931 -0.931 -0.931 -0.931 -0.931 -0.931 -0.931 -0.931 -0.931 -0.931 -0.931 -0.931 -0.931 -0.931 -0.931 -0.931 -0.931 -0.931 -0.931 -0.931 -0.931 -0.828 -0.828 -0.828 -0.828 -0.828 -0.828 -0.828 -0.828 -0.828 -0.828 -0.724 -0.724 -0.724 -0.724 -0.724 -0.724 -0.724 -0.724 -0.724 -0.724 -0.724 -0.621 -0.621 -0.621 -0.621 -0.621 -0.621 -0.621 -0.621 -0.621 -0.621 -0.517 -0.517 -0.517 -0.517 -0.517 -0.517 -0.517 -0.517 -0.517 -0.517 -0.414 -0.414 -0.414 -0.414 -0.414 -0.414 -0.414 -0.414 -0.414 -0.414 -0.414 -0.414 -0.517 -0.414 -0.414 -0.414 -0.414 -0.414 -0.414 -0.414 -0.414 -0.414 -0.31 -0.31 -0.31 -0.31 -0.31 -0.31 -0.517 -0.31 -0.31 -0.31 -0.31 -0.31 -0.31 -0.31 -0.31 -0.31 -0.31 -0.31 -0.207 -0.207 -0.207 -0.207 -0.207 -0.207 -0.207 -0.207 -0.103 -0.207 -0.31 
# name: power
# type: matrix
# rows: 1
# columns: 358
 0.0 0.0 0.0 0.0 0.0 0.0 0.0 6.832 6.211 6.211 6.211 6.211 6.211 6.211 6.211 6.211 6.211 6.211 6.211 6.211 6.211 6.211 6.211 6.211 6.211 6.211 6.211 6.211 6.211 6.211 6.211 6.211 6.211 6.211 6.211 6.211 6.211 6.211 6.211 6.211 6.211 6.211 6.211 6.211 6.211 6.211 6.211 6.211 6.211 6.211 6.211 6.211 6.211 6.211 6.211 6.211 6.211 6.211 6.211 6.211 6.211 6.211 6.211 6.211 6.211 6.211 6.211 6.211 6.211 6.107 6.211 6.211 6.211 6.211 6.211 6.211 6.211 6.211 6.211 6.211 6.211 6.211 6.211 6.211 6.211 6.211 6.211 6.211 6.107 6.211 6.107 6.211 6.211 6.211 6.107 6.211 6.107 6.211 6.211 6.107 6.211 6.107 6.107 6.211 6.211 6.107 6.211 6.211 6.107 6.211 6.107 6.211 6.107 6.107 6.107 6.107 6.211 6.211 6.107 6.107 6.107 6.211 6.211 6.107 6.107 6.107 6.107 6.107 6.107 6.107 6.107 6.107 6.107 6.107 6.107 6.107 6.107 6.107 6.107 6.107 6.107 6.107 6.107 6.107 6.107 6.107 6.107 6.107 6.107 6.107 6.107 6.107 6.107 6.107 6.107 6.107 6.107 6.107 6.107 6.107 6.107 6.107 6.107 6.107 6.107 6.107 6.107 6.107 6.107 6.107 6.107 6.107 6.107 6.107 6.107 6.107 6.107 6.107 6.107 6.107 6.107 6.107 6.107 6.107 6.107 6.107 6.107 6.004 6.004 6.107 6.107 6.107 6.107 6.107 6.107 6.107 6.004 6.107 6.107 6.107 6.004 6.107 6.004 6.004 6.004 6.004 6.004 6.107 6.004 6.004 6.004 6.004 6.004 6.004 6.004 6.004 6.004 6.004 6.004 6.004 6.004 6.004 6.004 6.004 6.004 6.004 6.004 6.004 6.004 6.004 6.004 6.004 6.004 6.004 6.004 6.004 6.004 6.004 6.004 6.004 6.004 6.004 5.9 6.004 6.004 6.004 5.9 5.9 5.9 5.9 5.9 5.9 5.9 5.9 5.9 5.9 5.9 5.9 5.9 5.9 5.9 5.9 5.9 5.9 5.9 5.9 5.9 5.797 5.797 5.797 5.693 5.693 5.693 5.59 5.59 5.59 5.486 5.383 5.383 5.383 5.383 5.279 5.279 5.279 5.176 5.176 5.279 5.072 5.072 5.072 4.968 4.968 4.968 4.865 4.865 4.865 4.865 4.761 4.658 4.658 4.658 4.554 4.554 4.554 4.451 4.451 4.451 4.347 4.347 4.244 4.244 4.244 4.14 4.14 4.14 4.14 4.037 4.037 3.933 4.451 4.244 4.244 4.244 4.14 4.14 4.14 4.14 4.037 4.037 4.037 3.933 3.933 3.933 3.933 3.83 4.554 3.83 3.83 3.83 3.83 3.726 3.726 3.726 3.726 3.623 3.623 3.623 3.623 3.312 3.312 3.209 3.209 3.209 3.105 3.209 3.105 3.105 3.726 
