# name: phAngle
# type: matrix
# rows: 1
# columns: 359
 0 11 0 0 0 0 0 0 0 0 0 0 0 0 0 0 0 0 0 0 0 0 0 0 0 0 0 0 0 0 0 0 0 0 0 0 0 0 0 0 0 0 0 0 0 0 0 0 0 0 0 0 0 0 0 0 0 0 0 0 0 0 0 0 0 0 0 0 0 0 0 0 0 0 0 0 0 0 0 0 0 0 0 0 0 0 0 0 0 0 0 0 0 0 0 0 0 0 0 0 0 0 0 0 0 0 0 0 0 0 0 0 0 0 0 0 0 0 0 0 0 0 0 0 0 0 0 0 0 0 0 0 0 0 0 0 0 0 0 0 0 0 0 0 0 0 0 0 0 0 0 0 0 0 0 0 0 0 0 0 0 0 0 0 0 0 0 0 0 0 0 0 0 0 0 0 0 0 0 0 0 0 0 0 0 0 0 0 0 0 0 0 0 0 0 0 0 0 0 0 0 0 0 0 0 0 0 0 0 0 0 0 0 0 0 0 0 0 0 0 0 0 0 0 0 0 0 0 0 0 0 0 0 0 0 0 0 0 0 0 0 0 0 0 0 0 0 0 0 0 0 0 0 0 0 0 0 0 0 0 0 0 0 0 0 0 0 0 0 0 0 0 0 0 0 0 0 0 0 0 0 0 0 0 0 0 0 0 0 0 0 0 0 0 0 0 0 0 0 0 0 0 0 0 0 0 0 0 0 0 0 0 0 0 0 0 0 0 0 0 0 0 0 0 0 0 0 0 0 0 0 0 0 0 0 0 0 0 0 0 0 0 0 0 0 0 0 0 0 0 0 0 0 0 0 0 0 0 0 
# name: freq
# type: matrix
# rows: 1
# columns: 359
 50.0 50.0 50.0 50.0 50.0 50.0 50.0 50.0 50.0 50.0 50.0 50.0 50.0 50.0 50.0 50.0 50.0 50.0 50.0 50.0 50.0 50.0 50.0 50.0 50.0 50.0 50.0 50.0 50.0 50.0 50.0 50.0 50.0 50.0 50.0 50.0 50.0 50.0 50.0 50.0 50.0 50.0 50.0 50.0 50.0 50.0 50.0 50.0 50.0 50.0 50.0 50.0 50.0 50.0 50.0 50.0 50.0 50.0 50.0 50.0 50.0 50.0 50.0 50.0 50.0 50.0 50.0 50.0 50.0 50.0 50.0 50.0 50.0 50.0 50.0 50.0 50.0 50.0 50.0 50.0 50.0 50.0 50.0 50.0 50.0 50.0 50.0 50.0 50.0 50.0 50.0 50.0 50.0 50.0 50.0 50.0 50.0 50.0 50.0 50.0 50.0 50.0 50.0 50.0 50.0 50.0 50.0 50.0 50.0 50.0 50.0 50.0 50.0 50.0 50.0 50.0 50.0 50.0 50.0 50.0 50.0 50.0 50.0 50.0 50.0 50.0 50.0 50.0 50.0 50.0 50.0 50.0 50.0 50.0 50.0 50.0 50.0 50.0 50.0 50.0 50.0 50.0 50.0 50.0 50.0 50.0 50.0 50.0 50.0 50.0 50.0 50.0 50.0 50.0 50.0 50.0 50.0 50.0 50.0 50.0 50.0 50.0 50.0 50.0 50.0 50.0 50.0 50.0 50.0 50.0 50.0 50.0 50.0 50.0 50.0 50.0 50.0 50.0 50.0 50.0 50.0 50.0 50.0 50.0 50.0 50.0 50.0 50.0 50.0 50.0 50.0 50.0 50.0 50.0 50.0 50.0 50.0 50.0 50.0 50.0 50.0 50.0 50.0 50.0 50.0 50.0 50.0 50.0 50.0 50.0 50.0 50.0 50.0 50.0 50.0 50.0 50.0 50.0 50.0 50.0 50.0 50.0 50.0 50.0 50.0 50.0 50.0 50.0 50.0 50.0 50.0 50.0 50.0 50.0 50.0 50.0 50.0 50.0 50.0 50.0 50.0 50.0 50.0 50.0 50.0 50.0 50.0 50.0 50.0 50.0 50.0 50.0 50.0 50.0 50.0 50.0 50.0 50.0 50.0 50.0 50.0 50.0 50.0 50.0 50.0 50.0 50.0 50.0 50.0 50.0 50.0 50.0 50.0 50.0 50.0 50.0 50.0 50.0 50.0 50.0 50.0 50.0 50.0 50.0 50.0 50.0 50.0 50.0 50.0 50.0 50.0 50.0 50.0 50.0 50.0 50.0 50.0 50.0 50.0 50.0 50.0 50.0 50.0 50.0 50.0 50.0 50.0 50.0 50.0 50.0 50.0 50.0 50.0 50.0 50.0 50.0 50.0 50.0 50.0 50.0 50.0 50.0 50.0 50.0 50.0 50.0 50.0 50.0 50.0 50.0 50.0 50.0 50.0 50.0 50.0 50.0 50.0 50.0 50.0 50.0 50.0 50.0 50.0 50.0 50.0 50.0 50.0 50.0 50.0 50.0 50.0 50.0 50.0 50.0 50.0 50.0 50.0 50.0 50.0 
# name: reacPower
# type: matrix
# rows: 1
# columns: 359
 0.0 0.31 0.0 0.0 0.0 -1.345 -1.138 -1.138 -1.138 -1.138 -1.138 -1.138 -1.138 -1.138 -1.138 -1.138 -1.138 -1.138 -1.138 -1.138 -1.138 -1.138 -1.138 -1.138 -1.138 -1.138 -1.138 -1.138 -1.138 -1.138 -1.138 -1.138 -1.138 -1.138 -1.138 -1.138 -1.138 -1.138 -1.138 -1.138 -1.138 -1.138 -1.242 -1.138 -1.138 -1.138 -1.138 -1.138 -1.138 -1.138 -1.138 -1.138 -1.138 -1.138 -1.138 -1.138 -1.138 -1.138 -1.138 -1.138 -1.138 -1.138 -1.138 -1.138 -1.138 -1.138 -1.138 -1.138 -1.138 -1.138 -1.138 -1.138 -1.138 -1.138 -1.138 -1.138 -1.138 -1.138 -1.138 -1.138 -1.138 -1.138 -1.138 -1.138 -1.138 -1.138 -1.138 -1.138 -1.138 -1.138 -1.138 -1.138 -1.138 -1.138 -1.138 -1.138 -1.138 -1.138 -1.138 -1.138 -1.138 -1.138 -1.138 -1.035 -1.138 -1.138 -1.138 -1.035 -1.138 -1.138 -1.035 -1.138 -1.138 -1.138 -1.138 -1.035 -1.035 -1.138 -1.138 -1.035 -1.035 -1.138 -1.138 -1.035 -1.138 -1.138 -1.138 -1.035 -1.138 -1.035 -1.138 -1.138 -1.138 -1.035 -1.035 -1.138 -1.138 -1.035 -1.035 -1.138 -1.035 -1.035 -1.035 -1.035 -1.138 -1.138 -1.138 -1.138 -1.035 -1.035 -1.035 -1.035 -1.035 -1.035 -1.035 -1.035 -1.035 -1.035 -1.035 -1.035 -1.035 -1.035 -1.035 -1.138 -1.035 -1.035 -1.035 -1.035 -1.035 -1.035 -1.035 -1.138 -1.035 -1.035 -1.035 -1.035 -1.035 -1.035 -1.035 -1.138 -1.035 -1.035 -1.035 -1.035 -1.035 -1.035 -1.035 -1.035 -1.035 -1.035 -1.035 -1.035 -1.035 -1.035 -1.035 -1.035 -1.138 -1.138 -1.138 -1.035 -1.138 -1.138 -1.035 -1.035 -1.035 -1.035 -1.138 -1.138 -1.035 -1.138 -1.035 -1.138 -1.035 -1.138 -1.035 -1.138 -1.035 -1.138 -1.035 -1.035 -1.035 -1.035 -1.138 -1.035 -1.035 -1.035 -1.035 -1.035 -1.035 -1.138 -1.035 -1.035 -1.035 -1.035 -1.035 -1.035 -1.035 -1.035 -1.035 -1.035 -1.035 -1.035 -1.035 -1.035 -1.035 -1.035 -1.035 -1.035 -1.035 -1.035 -1.035 -1.035 -1.035 -1.035 -1.035 -1.035 -1.035 -1.035 -1.035 -1.035 -1.035 -1.035 -1.035 -1.035 -1.035 -1.035 -1.035 -1.035 -1.035 -1.035 -1.035 -1.035 -1.035 -1.035 -1.035 -1.035 -1.035 -1.035 -1.035 -1.035 -1.035 -1.035 -1.035 -1.035 -1.035 -1.035 -1.035 -1.035 -1.035 -1.035 -1.035 -1.035 -1.035 -1.035 -1.035 -1.035 -1.035 -1.035 -1.035 -1.035 -1.035 -1.035 -1.035 -1.035 -1.035 -1.035 -1.035 -1.035 -1.035 -1.035 -1.035 -1.035 -1.035 -1.035 -1.035 -1.035 -0.931 -0.931 -1.035 -0.931 -0.931 -0.931 -0.931 -0.931 -0.931 -0.931 -0.931 -0.931 -0.931 -0.828 -0.828 -0.828 -0.828 -0.828 -0.828 -0.828 -0.828 -0.828 -0.828 -0.828 -0.828 -0.724 -0.724 -0.724 -0.724 -0.724 -0.724 -0.724 -0.724 -0.724 -0.621 -0.621 -0.621 -0.621 -0.621 -0.828 -0.621 -0.621 -0.621 
# name: power
# type: matrix
# rows: 1
# columns: 359
 0.0 1.656 0.0 0.0 0.0 6.935 6.211 6.211 6.211 6.211 6.211 6.211 6.211 6.211 6.211 6.211 6.211 6.211 6.211 6.211 6.211 6.211 6.211 6.211 6.211 6.211 6.211 6.211 6.211 6.211 6.107 6.211 6.211 6.211 6.107 6.211 6.211 6.107 6.107 6.211 6.211 6.211 6.625 6.107 6.107 6.211 6.107 6.107 6.211 6.211 6.107 6.107 6.107 6.107 6.211 6.107 6.107 6.107 6.211 6.107 6.107 6.107 6.107 6.107 6.107 6.107 6.107 6.107 6.107 6.107 6.107 6.107 6.107 6.107 6.107 6.107 6.107 6.107 6.107 6.107 6.107 6.107 6.107 6.107 6.107 6.107 6.107 6.107 6.107 6.107 6.107 6.107 6.107 6.107 6.107 6.107 6.107 6.107 6.107 6.107 6.107 6.107 6.107 6.107 6.107 6.107 6.107 6.107 6.107 6.107 6.107 6.107 6.107 6.107 6.107 6.107 6.107 6.107 6.107 6.107 6.107 6.107 6.107 6.107 6.107 6.107 6.107 6.107 6.107 6.107 6.211 6.211 6.107 6.107 6.107 6.107 6.107 6.107 6.107 6.107 6.107 6.107 6.107 6.107 6.107 6.107 6.107 6.107 6.107 6.107 6.107 6.107 6.004 6.107 6.107 6.107 6.107 6.107 6.107 6.107 6.107 6.004 6.107 6.107 6.107 6.107 6.107 6.107 6.107 6.004 6.107 6.004 6.004 6.004 6.107 6.004 6.004 6.004 6.107 6.107 6.107 6.004 6.004 6.004 6.004 6.107 6.004 6.004 6.004 6.004 6.004 6.004 6.004 6.004 6.004 6.004 6.004 6.004 6.004 6.004 6.004 6.004 6.004 6.004 6.004 6.004 6.004 6.004 6.004 6.004 6.004 6.004 6.004 6.004 6.004 6.004 6.004 6.004 6.004 6.004 6.004 6.004 6.004 6.004 6.004 6.004 6.004 6.004 6.004 6.004 5.9 6.004 6.004 6.004 6.004 6.004 5.9 6.004 6.004 6.004 5.9 6.004 5.9 5.9 5.9 5.9 5.9 5.9 6.004 6.004 5.9 5.9 5.9 5.9 5.9 5.9 5.9 5.9 5.9 5.9 5.9 5.9 5.9 5.9 5.9 5.9 5.9 5.9 5.9 5.9 5.9 5.9 5.9 5.9 5.797 5.9 5.9 5.797 5.797 5.797 5.797 5.797 5.797 5.797 5.797 5.797 5.797 5.797 5.797 5.797 5.797 5.797 5.797 5.797 5.797 5.797 5.797 5.797 5.693 5.797 5.693 5.797 5.797 5.797 5.693 5.693 5.693 5.693 5.693 5.693 5.693 5.693 5.693 5.693 5.693 5.693 5.693 5.693 5.693 5.59 5.59 5.59 5.59 5.486 5.486 5.486 5.383 5.383 5.383 5.279 5.279 5.279 5.176 5.176 5.176 5.072 5.072 5.072 5.072 4.968 4.968 4.865 4.865 4.865 4.761 4.761 4.761 4.761 4.658 4.658 4.658 4.554 4.554 4.554 4.451 5.072 4.451 4.451 4.347 
