# name: phAngle
# type: matrix
# rows: 1
# columns: 359
 71 37 71 5 2 1 17 2 1 2 5 1 2 4 1 2 5 1 2 9 2 71 71 76 71 76 76 71 76 76 76 76 76 71 76 71 71 71 71 71 71 71 71 71 71 71 71 71 71 71 71 71 71 71 71 71 71 71 71 71 71 71 71 71 71 71 71 71 71 71 71 71 71 71 71 71 71 71 3 3 3 2 3 4 71 71 71 71 71 71 71 71 71 71 71 71 71 15 15 15 15 15 15 15 15 15 15 15 15 15 15 15 15 15 15 15 15 15 15 15 15 15 15 15 15 15 15 15 15 15 15 15 15 15 15 15 15 15 15 15 15 15 15 15 15 15 15 15 15 15 15 15 15 15 15 15 15 15 15 15 15 15 15 15 15 15 15 15 15 15 15 15 15 15 15 15 15 15 15 15 15 15 15 15 15 15 15 15 15 15 15 15 15 15 15 15 15 15 15 15 15 15 15 15 15 15 15 15 15 15 15 15 15 15 15 15 15 15 15 15 15 15 15 15 15 15 15 15 15 15 15 15 15 15 15 15 15 15 15 15 15 15 15 15 15 15 15 15 15 15 15 15 15 15 15 15 15 15 15 15 15 15 15 15 15 15 15 15 15 15 15 15 15 15 15 15 15 15 15 15 15 15 15 15 15 15 15 15 15 15 15 15 15 15 15 15 15 15 15 15 15 15 15 15 15 15 15 15 15 15 15 15 15 15 15 15 15 15 71 5 71 71 71 5 5 5 71 71 71 71 71 71 71 71 71 71 71 71 71 71 71 71 71 71 71 71 71 71 71 71 71 71 71 71 71 71 71 71 71 
# name: freq
# type: matrix
# rows: 1
# columns: 359
 50.0 50.0 50.0 50.0 50.0 50.0 50.0 50.0 50.0 50.0 50.0 50.0 50.0 50.0 50.0 50.0 50.0 50.0 50.0 50.0 50.0 50.0 50.0 50.0 50.0 50.0 50.0 50.0 50.0 50.0 50.0 50.0 50.0 50.0 50.0 50.0 50.0 50.0 50.0 50.0 50.0 50.0 50.0 50.0 50.0 50.0 50.0 50.0 50.0 50.0 50.0 49.9 50.0 50.0 49.9 50.0 50.0 49.9 50.0 49.9 49.9 49.9 49.9 49.9 49.9 50.0 49.9 49.9 49.9 49.9 49.9 49.9 49.9 49.9 49.9 49.9 49.9 49.9 49.9 49.9 49.9 49.9 49.9 49.9 49.9 49.9 49.9 49.9 49.9 49.9 49.9 49.9 49.9 49.9 49.9 49.9 49.9 49.9 49.9 49.9 49.9 49.9 49.9 49.9 49.9 49.9 49.9 49.9 49.9 49.9 49.9 49.9 49.9 49.9 49.9 49.9 49.9 49.9 49.9 49.9 49.9 49.9 49.9 49.9 49.9 49.9 49.9 49.9 49.9 49.9 49.9 49.9 49.9 49.9 49.9 49.9 49.9 49.9 49.9 49.9 49.9 49.9 49.9 49.9 49.9 49.9 49.9 49.9 49.9 49.9 49.9 49.9 49.9 49.9 49.9 49.9 49.9 49.9 49.9 49.9 49.9 50.0 49.9 49.9 49.9 49.9 49.9 49.9 49.9 49.9 49.9 49.9 49.9 50.0 50.0 50.0 50.0 49.9 50.0 50.0 50.0 50.0 50.0 50.0 50.0 50.0 50.0 50.0 50.0 50.0 50.0 50.0 50.0 50.0 50.0 50.0 50.0 50.0 50.0 50.0 50.0 50.0 50.0 50.0 50.0 50.0 50.0 50.0 50.0 50.0 50.0 50.0 50.0 50.0 50.0 50.0 50.0 50.0 50.0 50.0 50.0 50.0 50.0 50.0 50.0 50.0 50.0 50.0 50.0 50.0 50.0 50.0 50.0 50.0 50.0 50.0 50.0 50.0 50.0 50.0 50.0 50.0 50.0 50.0 50.0 50.0 50.0 50.0 50.0 50.0 50.0 50.0 50.0 50.0 50.0 50.0 50.0 50.0 50.0 50.0 50.0 50.0 50.0 50.0 50.0 50.0 50.0 50.0 50.0 50.0 50.0 50.0 50.0 50.0 50.0 50.0 50.0 50.0 50.0 50.0 50.0 50.0 49.9 49.9 50.0 50.0 50.0 49.9 50.0 50.0 50.0 50.0 50.0 50.0 50.0 49.9 49.9 50.0 50.0 49.9 49.9 49.9 50.0 49.9 49.9 49.9 50.0 49.9 49.9 49.9 49.9 49.9 49.9 49.9 50.0 50.0 50.0 49.9 50.0 50.0 49.9 50.0 50.0 49.9 49.9 50.0 49.9 49.9 49.9 50.0 49.9 50.0 49.9 49.9 49.9 49.9 49.9 50.0 49.9 49.9 49.9 49.9 49.9 50.0 50.0 50.0 49.9 50.0 50.0 49.9 49.9 49.9 50.0 49.9 49.9 49.9 49.9 49.9 49.9 
# name: reacPower
# type: matrix
# rows: 1
# columns: 359
 8.178 7.971 6.935 132.092 39.855 37.267 316.772 39.855 37.06 39.751 113.872 36.956 39.441 112.733 36.646 39.234 114.39 36.542 39.441 172.154 58.799 8.178 8.178 8.281 8.178 8.178 8.281 8.178 8.281 8.281 8.178 8.281 8.281 8.178 8.178 8.178 8.178 8.074 8.074 8.178 8.074 8.178 8.074 8.074 8.074 8.074 8.074 8.178 8.074 8.074 8.178 8.074 8.074 8.074 8.074 8.074 8.074 8.074 8.178 8.178 8.074 8.074 8.074 8.074 8.074 8.074 8.074 8.074 8.074 8.074 8.178 8.074 7.971 8.074 8.074 8.074 7.971 8.074 37.474 55.279 54.348 51.346 54.244 24.844 7.039 7.971 7.867 7.039 7.971 7.867 7.039 7.971 7.867 7.039 7.971 7.764 7.039 7.453 7.556 7.453 7.556 7.556 7.556 7.556 7.556 7.556 7.556 7.556 7.453 7.453 7.453 7.453 7.453 7.453 7.453 7.453 7.453 7.453 7.453 7.453 7.349 7.453 7.453 7.453 7.453 7.453 7.349 7.349 7.453 7.453 7.453 7.453 7.453 7.453 7.453 7.453 7.453 7.349 7.453 7.556 7.556 7.453 7.556 7.453 7.453 7.453 7.556 7.556 7.66 7.556 7.556 7.66 7.66 7.66 7.66 7.66 7.764 7.764 7.764 7.66 7.66 7.764 7.764 7.764 7.764 7.764 7.764 7.764 7.764 7.66 7.66 7.66 7.66 7.66 7.66 7.764 7.66 7.764 7.66 7.556 7.556 7.66 7.556 7.556 7.556 7.556 7.556 7.556 7.66 7.556 7.556 7.66 7.66 7.66 7.556 7.66 7.66 7.556 7.66 7.66 7.764 7.764 7.66 7.764 7.66 7.66 7.66 7.764 7.764 7.556 7.556 7.556 7.453 7.556 7.556 7.453 7.556 7.453 7.556 7.556 7.556 7.556 7.556 7.556 7.556 7.556 7.556 7.556 7.556 7.556 7.556 7.556 7.556 7.556 7.556 7.66 7.556 7.556 7.556 7.556 7.556 7.556 7.556 7.556 7.556 7.556 7.453 7.453 6.625 6.625 7.556 6.625 6.625 7.453 6.625 6.625 7.556 7.556 7.556 7.556 7.556 7.556 7.556 7.556 7.556 7.453 7.556 7.556 7.556 7.556 7.556 7.556 7.556 7.453 7.556 7.453 7.453 7.453 7.453 7.453 7.556 7.556 7.453 7.453 7.453 7.556 7.556 7.556 7.556 7.556 7.453 7.556 7.556 7.556 7.556 7.453 7.556 7.556 7.556 7.556 7.453 7.556 7.453 7.556 7.556 7.453 7.556 7.556 7.453 7.453 7.453 7.453 7.453 7.453 7.453 7.556 7.556 7.556 7.971 116.356 7.66 7.971 7.971 125.156 118.427 115.632 7.971 7.867 7.971 7.971 7.971 7.971 7.971 7.971 7.971 7.971 7.971 7.971 7.971 7.971 7.971 7.971 7.971 7.971 7.971 8.074 8.074 7.971 8.074 8.074 8.074 8.074 8.074 8.074 8.074 8.178 8.074 8.074 8.074 
# name: power
# type: matrix
# rows: 1
# columns: 359
 3.312 9.109 3.416 1429.513 1327.959 1279.098 1061.705 1328.166 1270.919 1316.572 1415.848 1261.81 1301.147 1412.535 1247.11 1292.969 1409.844 1244.004 1293.176 1075.266 1373.612 3.519 3.416 3.416 3.416 3.416 3.416 3.416 3.416 3.416 3.416 3.416 3.416 3.519 3.519 3.416 3.416 3.312 3.416 3.416 3.416 3.416 3.416 3.312 3.312 3.312 3.312 3.312 3.312 3.416 3.416 3.416 3.416 3.416 3.416 3.416 3.416 3.416 3.416 3.416 3.416 3.416 3.416 3.416 3.416 3.312 3.312 3.416 3.312 3.312 3.416 3.416 3.312 3.416 3.312 3.416 3.312 3.312 734.994 1139.552 1133.237 1094.831 1136.032 386.131 3.002 3.312 3.312 3.002 3.312 3.209 3.002 3.312 3.209 3.002 3.312 3.209 3.002 23.913 24.016 23.809 23.913 23.913 23.913 23.809 23.809 23.913 23.913 23.809 23.809 23.809 23.809 23.809 23.809 23.809 23.809 23.809 23.809 23.809 23.809 23.809 23.706 23.706 23.809 23.809 23.809 23.809 23.706 23.706 23.809 23.809 23.809 23.809 23.809 23.809 23.809 23.809 23.809 23.809 23.809 23.913 23.913 23.809 23.809 23.809 23.809 23.809 23.913 23.913 24.016 23.913 23.913 24.016 24.016 24.016 24.016 24.016 24.12 24.12 24.12 24.12 24.12 24.12 24.12 24.12 24.12 24.12 24.016 24.016 24.016 24.016 24.016 24.016 24.016 24.016 24.016 24.12 24.016 24.12 24.016 24.016 24.016 24.016 23.913 24.016 24.016 24.016 23.913 24.016 24.016 24.016 24.016 24.016 24.016 24.12 24.016 24.12 24.016 24.016 24.12 24.12 24.12 24.223 24.12 24.12 24.12 24.12 24.12 24.223 24.12 24.016 23.913 23.913 23.913 23.913 23.913 23.913 24.016 23.913 24.016 23.913 23.913 23.913 23.913 23.913 23.913 23.913 23.913 23.913 23.913 23.913 23.913 23.913 23.913 23.913 23.913 23.913 23.913 23.913 23.913 23.913 23.913 23.913 23.913 23.913 23.913 23.809 23.809 23.809 22.878 22.878 23.809 22.878 22.878 23.913 22.878 22.878 23.913 23.913 23.913 23.913 23.913 23.913 23.913 23.913 23.913 23.809 23.913 23.913 23.913 24.016 23.913 23.913 23.913 23.913 23.809 23.809 23.809 23.809 23.913 23.913 23.913 23.913 23.913 23.809 23.809 23.809 23.809 23.913 23.809 23.913 23.809 23.913 23.913 23.913 23.913 23.809 23.913 23.913 23.913 23.913 23.809 23.913 23.809 23.913 23.913 23.809 23.913 23.913 23.809 23.809 23.809 23.809 23.913 23.913 23.913 23.913 23.913 23.913 3.312 1433.757 3.726 3.312 3.312 1430.548 1437.691 1438.726 3.312 3.312 3.416 3.416 3.416 3.312 3.416 3.416 3.416 3.416 3.416 3.416 3.416 3.416 3.416 3.416 3.416 3.312 3.312 3.312 3.312 3.312 3.416 3.416 3.416 3.416 3.416 3.416 3.416 3.416 3.416 3.416 3.416 
