# name: phAngle
# type: matrix
# rows: 1
# columns: 359
 76 76 76 76 76 76 76 76 76 76 76 76 76 76 71 71 71 71 76 71 71 71 71 71 71 71 71 71 71 71 71 71 71 71 71 71 71 71 71 71 71 71 71 71 71 71 71 71 71 71 71 71 71 71 71 71 71 71 71 71 71 71 71 71 71 71 71 71 71 71 71 71 71 71 71 71 71 71 71 71 71 71 71 71 71 71 71 71 71 71 71 71 71 71 71 71 71 71 71 71 71 71 71 71 71 71 71 71 71 71 71 71 71 71 71 71 71 71 71 71 71 71 71 71 71 71 71 71 71 71 71 71 71 71 71 71 71 71 71 71 71 71 71 71 71 71 71 71 71 71 71 71 71 71 71 71 71 71 71 71 71 71 71 15 71 71 71 71 71 71 75 6 6 71 71 71 71 71 71 71 71 71 71 71 71 71 71 71 71 71 71 71 71 71 71 71 71 71 71 71 71 71 71 71 71 71 71 71 71 71 71 71 71 71 71 71 71 71 71 71 71 71 71 76 76 71 71 71 71 71 71 71 76 71 76 71 71 71 71 71 71 71 71 71 71 71 71 71 71 71 71 71 71 71 71 71 71 71 71 71 71 71 71 71 71 71 71 71 71 71 71 71 71 71 71 71 71 71 71 71 71 76 71 71 71 71 71 71 71 71 71 71 71 71 71 71 71 71 71 71 71 71 71 71 71 71 71 71 71 71 71 71 71 71 71 71 71 71 71 71 71 71 71 71 71 71 71 71 71 71 71 71 71 71 71 71 71 71 71 71 71 71 71 71 71 71 71 71 71 71 71 71 71 71 71 71 71 71 71 
# name: freq
# type: matrix
# rows: 1
# columns: 359
 50.0 50.0 50.0 50.0 50.0 50.0 50.0 49.9 50.0 50.0 50.0 50.0 50.0 50.0 50.0 50.0 50.0 50.0 50.0 50.0 50.0 50.0 50.0 50.0 50.0 50.0 50.0 50.0 50.0 50.0 50.0 50.0 50.0 50.0 50.0 50.0 50.0 50.0 50.0 50.0 50.0 50.0 50.0 50.0 50.0 50.0 50.0 50.0 50.0 50.0 50.0 50.0 50.0 50.0 50.0 50.0 50.0 50.0 50.0 50.0 50.0 50.0 50.0 50.0 50.0 50.0 50.0 50.0 50.0 50.0 50.0 50.0 50.0 50.0 50.0 50.0 50.0 50.0 50.0 50.0 50.0 50.0 50.0 50.0 50.0 50.0 50.0 50.0 50.0 50.0 50.0 50.0 50.0 50.0 50.0 50.0 50.0 50.0 50.0 50.0 50.0 50.0 50.0 50.0 50.0 50.0 50.0 50.0 50.0 50.0 50.0 50.0 50.0 50.0 50.0 50.0 50.0 49.9 50.0 50.0 50.0 50.0 50.0 50.0 50.0 50.0 50.0 50.0 50.0 50.0 49.9 50.0 50.0 49.9 50.0 50.0 50.0 49.9 50.0 50.0 50.0 50.0 50.0 50.0 50.0 50.0 50.0 50.0 50.0 50.0 50.0 50.0 50.0 50.0 50.0 50.0 50.0 50.0 50.0 50.0 50.0 50.0 50.0 50.0 50.0 50.0 50.0 50.0 50.0 50.0 50.0 50.0 50.0 50.0 50.0 50.0 50.0 50.0 50.0 50.0 50.0 50.0 50.0 50.0 50.0 50.0 50.0 50.0 50.0 50.0 50.0 50.1 50.1 50.1 50.1 50.1 50.1 50.1 50.1 50.1 50.1 50.1 50.1 50.1 50.1 50.1 50.1 50.1 50.1 50.1 50.1 50.0 50.0 50.1 50.0 50.1 50.0 50.1 50.0 50.0 50.0 50.0 50.0 50.0 50.0 50.1 50.0 50.0 50.0 50.0 50.0 50.0 50.0 50.0 50.0 50.0 50.0 50.0 50.0 50.0 50.0 50.0 50.0 50.0 50.0 50.0 50.0 50.1 50.0 50.0 50.0 50.0 50.0 50.0 50.1 50.0 50.0 50.0 50.0 50.0 50.0 50.0 50.0 50.0 50.0 50.0 50.0 50.0 50.0 50.0 50.0 50.0 50.0 50.0 50.0 50.0 50.0 50.0 50.0 50.0 50.0 50.0 50.0 50.0 50.0 50.0 50.0 50.0 50.0 50.0 50.0 50.0 50.0 50.0 50.0 50.0 50.0 50.0 50.0 50.0 50.0 50.0 50.0 50.0 50.0 50.0 50.0 50.0 50.0 50.0 50.0 50.0 50.0 50.0 50.0 50.0 50.0 50.0 50.0 50.0 50.0 50.0 50.0 50.0 50.0 50.0 50.0 50.0 50.0 50.0 50.0 50.0 50.0 50.0 50.0 50.0 50.0 50.0 50.0 50.0 50.0 50.0 50.0 50.0 50.0 50.0 50.0 50.0 50.0 50.0 50.0 50.0 50.0 50.0 50.0 50.0 50.0 50.0 50.0 
# name: reacPower
# type: matrix
# rows: 1
# columns: 359
 8.799 8.799 8.799 8.695 8.695 8.695 8.695 8.799 8.799 8.799 8.799 8.799 8.799 8.902 8.178 8.178 8.178 8.178 8.178 8.178 8.178 8.178 8.178 8.074 8.074 8.074 8.074 8.074 7.971 7.971 7.971 7.971 7.971 7.867 7.867 7.867 7.867 7.867 7.867 7.867 7.764 7.764 7.764 7.764 7.764 7.764 7.764 7.764 7.867 7.764 7.764 7.764 7.764 7.867 7.764 7.867 7.867 7.867 7.867 7.764 7.764 7.867 7.764 7.867 7.764 7.764 7.764 7.764 7.867 7.867 7.764 7.867 7.764 7.764 7.764 7.764 7.66 7.867 7.867 7.867 7.867 7.867 7.867 7.764 7.764 7.764 7.764 7.764 7.764 7.764 7.764 7.764 7.764 7.764 7.764 7.764 7.764 7.764 7.66 7.764 7.66 7.764 7.66 7.764 7.66 7.764 7.867 7.867 7.867 7.867 7.867 7.867 7.764 7.66 7.764 7.764 7.764 7.764 7.764 7.764 7.764 7.764 7.764 7.764 7.764 7.867 7.764 7.764 7.764 7.764 7.867 7.764 7.764 7.867 7.867 7.764 7.764 7.764 7.764 7.867 7.764 7.764 7.867 7.867 7.764 7.764 7.764 7.867 7.867 6.935 6.935 7.867 6.832 6.832 7.867 6.832 6.832 7.867 6.935 7.971 7.764 7.867 7.867 7.453 7.867 7.867 7.867 7.867 7.867 7.867 622.157 147.62 145.342 7.867 7.867 7.867 7.764 7.867 7.867 7.867 7.867 7.867 7.867 7.867 7.764 7.764 7.764 7.764 7.66 7.764 7.764 7.764 7.764 7.764 7.764 7.867 7.867 7.867 7.867 7.867 7.867 7.66 7.556 7.66 7.971 7.971 7.867 8.074 8.074 8.178 7.971 8.074 8.074 8.178 8.074 8.074 8.074 8.074 8.178 8.178 8.178 8.178 8.178 8.178 8.281 8.178 8.178 8.178 8.178 8.178 8.178 8.178 8.178 8.178 8.178 8.178 8.178 8.178 8.178 8.178 8.178 8.178 8.178 8.178 8.178 8.178 8.074 8.074 8.178 8.074 8.074 8.074 8.074 8.178 8.074 7.867 8.074 8.074 7.971 7.971 8.074 8.074 8.074 8.074 8.074 8.074 8.178 8.074 8.178 8.178 8.178 8.074 8.178 8.178 8.178 8.074 8.178 8.178 8.178 8.178 8.178 8.178 8.178 8.178 8.178 8.178 8.178 8.178 8.178 8.178 8.178 8.074 8.178 8.074 8.178 8.178 8.074 8.074 8.074 7.971 8.074 8.178 8.178 8.178 8.178 8.178 8.074 8.074 8.074 8.074 8.074 8.074 8.074 8.178 8.074 8.074 8.074 8.074 8.074 8.074 8.074 8.074 8.074 8.074 7.867 6.935 7.867 7.971 7.039 7.971 7.764 6.832 7.971 7.867 7.039 7.867 7.764 6.935 7.867 7.867 7.039 7.971 7.971 7.971 7.971 7.971 7.971 7.971 7.764 8.074 8.074 8.178 7.867 7.867 8.074 8.074 7.971 8.074 8.074 
# name: power
# type: matrix
# rows: 1
# columns: 359
 3.623 3.623 3.623 3.623 3.623 3.623 3.623 3.623 3.623 3.623 3.623 3.623 3.623 3.623 3.416 3.416 3.416 3.416 3.416 3.416 3.416 3.416 3.416 3.312 3.312 3.312 3.312 3.312 3.312 3.312 3.312 3.312 3.312 3.312 3.312 3.312 3.312 3.312 3.312 3.312 3.209 3.312 3.312 3.209 3.209 3.312 3.312 3.312 3.312 3.312 3.312 3.209 3.209 3.209 3.209 3.209 3.209 3.312 3.312 3.312 3.312 3.312 3.312 3.312 3.312 3.312 3.312 3.312 3.312 3.312 3.312 3.312 3.312 3.312 3.209 3.312 3.209 3.312 3.312 3.312 3.312 3.312 3.312 3.312 3.312 3.312 3.312 3.312 3.209 3.312 3.312 3.209 3.312 3.312 3.312 3.312 3.312 3.312 3.312 3.312 3.209 3.312 3.209 3.312 3.209 3.312 3.312 3.312 3.312 3.312 3.312 3.209 3.209 3.209 3.209 3.209 3.209 3.209 3.209 3.312 3.312 3.312 3.312 3.312 3.312 3.312 3.312 3.312 3.312 3.209 3.312 3.209 3.209 3.312 3.312 3.312 3.312 3.312 3.312 3.312 3.312 3.312 3.312 3.312 3.312 3.312 3.312 3.312 3.312 2.898 2.898 3.312 3.002 3.002 3.312 3.002 3.002 3.312 2.898 3.312 3.312 3.312 3.312 23.913 3.312 3.312 3.312 3.312 3.312 3.312 169.462 1457.463 1461.19 3.416 3.312 3.312 3.312 3.312 3.312 3.312 3.312 3.312 3.312 3.312 3.312 3.312 3.312 3.312 3.312 3.312 3.312 3.312 3.312 3.312 3.312 3.312 3.312 3.312 3.312 3.312 3.312 3.623 3.623 3.726 3.312 3.416 3.726 3.312 3.312 3.312 3.83 3.726 3.623 3.416 3.416 3.416 3.416 3.416 3.416 3.416 3.416 3.416 3.416 3.416 3.416 3.416 3.416 3.416 3.416 3.416 3.416 3.416 3.416 3.416 3.519 3.416 3.416 3.416 3.416 3.416 3.416 3.416 3.416 3.416 3.416 3.416 3.416 3.416 3.416 3.416 3.416 3.416 3.416 3.416 3.416 3.416 3.416 3.416 3.416 3.312 3.416 3.416 3.416 3.312 3.416 3.312 3.312 3.312 3.312 3.416 3.312 3.416 3.416 3.416 3.416 3.416 3.416 3.416 3.416 3.416 3.416 3.416 3.416 3.416 3.416 3.416 3.416 3.416 3.416 3.416 3.416 3.312 3.416 3.416 3.416 3.416 3.416 3.416 3.416 3.312 3.416 3.416 3.416 3.416 3.416 3.416 3.312 3.416 3.416 3.416 3.416 3.416 3.416 3.416 3.416 3.416 3.416 3.416 3.416 3.416 3.416 3.416 3.416 3.416 3.726 3.416 3.83 3.312 3.002 3.312 3.623 3.416 3.312 3.312 3.002 3.416 3.312 3.105 3.416 3.312 3.002 3.312 3.312 3.416 3.312 3.416 3.416 3.416 3.726 3.416 3.312 3.312 3.83 3.726 3.416 3.416 3.623 3.312 3.416 
