# name: phAngle
# type: matrix
# rows: 1
# columns: 359
 0 0 0 0 0 0 0 333 336 336 336 336 336 336 336 336 336 336 336 336 336 336 336 338 338 338 338 333 333 333 333 333 333 333 333 333 333 333 333 333 333 333 333 333 333 333 333 333 333 333 333 333 333 333 333 333 333 333 333 333 333 333 333 333 333 333 338 338 338 338 338 338 338 333 333 333 333 333 333 333 333 333 333 333 333 338 338 338 338 333 338 338 338 338 338 338 338 338 338 338 338 338 338 338 338 338 338 338 338 338 338 338 338 338 338 338 338 338 338 336 338 338 338 338 338 338 338 338 338 338 338 338 338 338 338 338 338 338 338 338 338 338 338 338 338 338 338 338 338 338 338 338 338 338 338 338 338 338 338 338 338 338 338 338 338 338 338 338 338 338 338 338 338 338 338 338 338 338 338 338 338 338 338 338 338 338 338 338 338 338 338 338 338 338 338 338 338 338 338 338 338 338 338 338 338 338 338 338 338 338 338 338 338 338 338 338 338 338 338 338 338 338 338 338 338 338 338 338 338 338 338 338 338 338 338 338 338 338 338 338 338 338 338 338 338 338 338 338 338 338 338 338 338 338 338 338 338 333 333 338 338 338 338 338 338 338 333 333 333 333 338 338 338 333 338 338 338 338 338 333 333 338 338 338 338 338 338 338 333 338 333 333 338 338 338 338 338 333 333 333 333 333 333 333 338 338 338 338 338 338 333 338 338 338 338 338 338 338 338 338 338 333 338 338 338 338 338 338 338 338 338 338 338 338 338 338 338 338 338 338 338 338 338 338 338 338 338 338 338 338 338 338 338 338 338 338 338 338 338 
# name: freq
# type: matrix
# rows: 1
# columns: 359
 50.0 50.0 50.0 50.0 50.0 50.0 50.0 50.0 50.0 50.0 50.0 50.0 50.0 50.0 50.0 50.0 50.0 50.0 50.0 50.0 50.0 50.0 50.0 50.0 50.0 50.0 50.0 50.0 50.0 50.0 50.0 50.0 50.0 50.0 50.0 50.0 50.0 50.0 50.0 50.0 50.0 50.0 50.0 50.0 50.0 50.0 50.0 50.0 50.0 50.0 50.0 50.0 50.0 50.0 50.0 50.0 50.0 50.0 50.0 50.0 50.0 50.0 50.0 50.0 50.0 50.0 50.0 50.0 50.0 50.0 50.0 50.0 50.0 50.0 50.0 50.0 50.0 50.0 50.0 50.0 50.0 50.0 50.0 50.0 50.0 50.0 50.0 50.0 50.0 50.0 50.0 50.0 50.0 50.0 50.0 50.0 50.0 50.0 50.0 50.0 50.0 50.0 50.0 50.0 50.0 50.0 50.0 50.0 50.0 50.0 50.0 50.0 50.0 50.0 50.0 50.0 50.0 50.0 50.0 50.0 50.0 50.0 50.0 50.0 50.0 50.0 50.0 50.0 50.0 50.0 50.0 50.0 50.0 50.0 50.0 50.0 50.0 50.0 50.0 50.0 50.0 50.0 50.0 50.0 50.0 50.0 50.0 50.0 50.0 50.0 50.0 50.0 50.0 50.0 50.0 50.0 50.0 50.0 50.0 50.0 50.0 50.0 50.0 50.0 50.0 50.0 50.0 50.0 50.0 50.0 50.0 50.0 50.0 50.0 50.0 50.0 50.0 50.0 50.0 50.0 50.0 50.0 50.0 50.0 50.0 50.0 50.0 50.0 50.0 50.0 50.0 50.0 50.0 50.0 50.0 50.0 50.0 50.0 50.0 50.0 50.0 50.0 50.0 50.0 50.0 50.0 50.0 50.0 50.0 50.0 50.0 50.0 50.0 50.0 50.0 50.0 50.0 50.0 50.0 50.0 50.0 50.0 50.0 50.0 50.0 50.0 50.0 50.0 50.0 50.0 50.0 50.0 50.0 50.0 50.0 50.0 50.0 50.0 50.0 50.0 50.0 50.0 50.0 50.0 50.0 50.0 50.0 50.0 50.0 50.0 50.0 50.0 50.0 50.0 50.0 50.0 50.0 50.0 50.0 50.0 50.0 50.0 50.0 50.0 50.0 50.0 50.0 50.0 50.0 50.0 50.0 50.0 50.0 50.0 50.0 50.0 50.0 50.0 50.0 50.0 50.0 50.0 50.0 50.0 50.0 50.0 50.0 50.0 50.1 50.0 50.0 50.0 50.0 50.0 50.0 50.0 50.0 50.0 50.0 50.0 50.0 50.0 50.0 50.0 50.0 50.0 50.0 50.0 50.0 50.0 50.0 49.9 49.9 49.9 49.9 49.9 49.9 49.9 49.9 50.0 50.0 49.9 50.0 49.9 49.9 49.9 49.9 50.0 50.0 50.0 50.0 49.9 49.9 49.9 49.9 50.0 50.0 50.0 49.9 50.0 50.0 50.0 49.9 50.0 49.9 50.0 49.9 50.0 50.0 50.0 49.9 50.0 49.9 49.9 50.0 50.0 50.0 50.0 50.0 
# name: reacPower
# type: matrix
# rows: 1
# columns: 359
 0.0 0.0 0.0 0.0 0.0 0.0 0.0 -7.91 -8.326 -8.326 -8.638 -8.742 -8.742 -8.742 -8.742 -8.846 -8.846 -8.95 -9.054 -9.159 -9.263 -9.367 -9.471 -9.575 -9.679 -9.783 -9.887 -9.991 -10.095 -10.095 -10.199 -10.199 -10.303 -10.199 -10.303 -10.303 -10.303 -10.303 -10.303 -10.303 -10.303 -10.303 -10.199 -10.199 -10.199 -10.199 -10.095 -10.095 -10.095 -9.991 -9.991 -9.991 -9.991 -9.991 -9.991 -10.095 -9.991 -10.095 -9.991 -9.991 -9.991 -9.991 -9.991 -9.991 -9.887 -9.887 -9.887 -9.783 -9.887 -9.887 -9.783 -9.783 -9.783 -9.887 -9.991 -9.887 -9.991 -9.991 -9.991 -9.991 -9.991 -9.887 -9.887 -9.887 -9.887 -9.887 -9.887 -9.887 -9.887 -9.887 -9.783 -9.783 -9.783 -9.887 -9.783 -9.783 -9.679 -9.679 -9.679 -9.783 -9.679 -9.679 -9.679 -9.679 -9.679 -9.679 -9.679 -9.679 -9.679 -9.679 -9.679 -9.679 -9.679 -9.575 -9.679 -9.679 -9.575 -9.575 -9.575 -9.471 -9.575 -9.575 -9.575 -9.575 -9.575 -9.575 -9.575 -9.471 -9.471 -9.471 -9.471 -9.471 -9.471 -9.471 -9.471 -9.471 -9.471 -9.471 -9.471 -9.471 -9.471 -9.471 -9.471 -9.471 -9.471 -9.471 -9.471 -9.471 -9.575 -9.575 -9.575 -9.575 -9.471 -9.575 -9.575 -9.575 -9.575 -9.575 -9.679 -9.575 -9.575 -9.575 -9.575 -9.575 -9.575 -9.575 -9.575 -9.575 -9.575 -9.575 -9.575 -9.679 -9.679 -9.679 -9.575 -9.679 -9.679 -9.679 -9.679 -9.679 -9.679 -9.679 -9.679 -9.679 -9.679 -9.783 -9.783 -9.679 -9.679 -9.679 -9.679 -9.679 -9.679 -9.679 -9.679 -9.783 -9.679 -9.679 -9.679 -9.679 -9.783 -9.679 -9.679 -9.783 -9.679 -9.679 -9.679 -9.783 -9.783 -9.783 -9.783 -9.783 -9.783 -9.783 -9.783 -9.783 -9.783 -9.783 -9.783 -9.783 -9.783 -9.783 -9.783 -9.783 -9.783 -9.783 -9.783 -9.783 -9.783 -9.783 -9.783 -9.783 -9.783 -9.783 -9.783 -9.783 -9.783 -9.783 -9.783 -9.887 -9.783 -9.783 -9.783 -9.783 -9.783 -9.887 -9.783 -9.887 -9.887 -9.783 -9.887 -9.783 -9.887 -9.887 -9.783 -9.783 -9.887 -9.887 -9.887 -9.783 -9.783 -9.783 -9.887 -9.887 -9.887 -9.887 -9.887 -9.887 -9.887 -9.887 -9.887 -9.887 -9.783 -9.887 -9.887 -9.887 -9.887 -9.887 -9.783 -9.887 -9.887 -9.887 -9.887 -9.887 -9.783 -9.887 -9.887 -9.887 -9.887 -9.887 -9.887 -9.887 -9.887 -9.783 -9.887 -9.887 -9.887 -9.887 -9.887 -9.887 -9.887 -9.887 -9.887 -9.887 -9.887 -9.887 -9.887 -9.887 -9.887 -9.887 -9.887 -9.887 -9.887 -9.887 -9.783 -9.783 -9.783 -9.783 -9.783 -9.783 -9.887 -9.887 -9.783 -9.783 -9.783 -9.679 -9.783 -9.783 -9.783 -9.783 -9.783 -9.783 -9.783 -9.783 -9.783 -9.783 -9.783 -9.783 -9.783 -9.783 -9.783 -9.783 -9.783 -9.783 -9.679 -9.783 -9.783 -9.783 -9.783 -9.783 -9.783 -9.783 -9.783 -9.783 -9.783 -9.783 -9.783 -9.783 -9.783 
