# name: phAngle
# type: matrix
# rows: 1
# columns: 360
 0 0 0 0 0 333 333 333 333 333 333 333 333 333 333 333 333 333 333 333 333 333 333 333 333 333 333 333 333 333 333 333 333 333 333 333 333 333 333 333 333 333 333 333 333 333 333 333 333 333 333 333 333 333 333 333 333 333 333 333 333 333 333 333 333 333 333 333 333 333 333 333 333 333 333 333 333 333 333 333 333 333 333 333 333 333 333 333 333 333 333 333 333 333 333 333 333 333 333 333 333 333 333 333 333 333 333 333 333 333 333 333 333 333 333 333 333 333 333 333 333 333 333 333 333 333 333 333 333 333 333 333 333 333 333 333 333 333 333 333 333 333 333 333 333 333 333 333 333 333 333 333 333 333 333 333 333 333 333 333 333 333 333 333 333 333 333 333 333 333 333 333 333 333 333 333 333 333 333 333 333 333 333 333 333 333 333 333 333 333 333 333 333 333 333 333 333 333 333 333 333 333 333 333 333 333 333 333 333 333 333 333 333 333 333 333 333 333 333 333 333 333 333 333 333 333 333 333 333 333 333 333 333 333 333 333 333 333 333 333 333 333 333 333 333 333 333 333 333 333 333 333 333 333 333 333 333 333 333 333 333 333 333 333 333 333 333 333 333 333 333 333 333 333 333 333 333 333 333 333 333 333 333 333 333 333 333 333 333 333 333 333 333 333 333 333 333 333 333 333 333 333 333 333 333 333 333 333 333 333 333 333 333 333 333 333 333 333 333 333 333 333 333 333 333 333 333 333 333 333 333 333 333 333 333 333 333 333 333 333 333 333 333 333 333 333 333 333 333 333 333 333 333 333 333 333 333 333 333 0 
# name: freq
# type: matrix
# rows: 1
# columns: 360
 50.0 50.0 50.0 50.0 50.0 50.0 50.0 50.0 50.0 50.0 50.0 50.0 50.0 50.0 50.0 50.0 50.0 50.0 50.0 50.0 50.0 50.0 50.0 50.0 50.0 50.0 50.0 50.0 50.0 50.0 50.0 50.0 50.0 50.0 50.0 50.0 50.0 50.0 50.0 50.1 50.0 50.1 50.0 50.0 50.0 50.0 50.0 50.0 50.0 50.0 50.0 50.0 50.0 50.0 50.0 50.0 50.0 50.0 50.0 50.0 50.0 50.0 50.1 50.0 50.0 50.0 50.0 50.0 50.0 50.0 50.0 50.0 50.0 50.0 50.0 50.0 50.0 50.0 50.0 50.0 50.0 50.0 50.0 50.0 50.0 50.0 50.0 50.0 49.9 49.9 49.9 49.9 49.9 50.0 50.0 50.0 50.0 50.0 50.0 50.0 50.0 50.0 49.9 49.9 49.9 49.9 49.9 49.9 50.0 50.0 50.0 50.0 50.0 50.0 50.0 50.0 50.0 50.0 50.0 50.0 50.0 50.0 50.0 50.0 50.0 50.0 50.0 50.0 50.0 50.0 50.0 50.0 50.0 50.0 50.0 50.0 50.0 50.0 50.0 50.0 50.0 50.0 50.0 50.0 50.0 50.0 50.0 50.0 50.0 50.0 50.0 50.0 50.0 50.0 50.0 50.0 50.0 50.0 50.0 50.0 50.0 50.0 50.0 50.0 50.0 50.0 50.0 50.0 50.0 50.0 50.0 50.0 50.0 50.0 50.0 50.0 50.0 50.0 50.0 50.0 50.0 50.0 50.0 50.0 50.0 50.0 50.0 50.0 50.0 50.0 50.0 50.0 50.0 50.0 50.0 50.0 50.0 50.0 50.0 50.0 50.0 50.0 50.0 50.0 50.0 50.0 50.0 50.0 50.0 50.0 50.0 50.0 50.0 50.0 50.0 50.0 50.0 50.0 50.0 50.0 50.0 50.0 50.0 50.0 50.0 50.0 50.0 50.0 50.0 50.0 50.0 50.0 50.0 50.0 50.0 50.0 50.0 50.0 50.0 50.0 50.0 50.0 50.0 50.0 50.0 50.0 50.0 50.0 50.0 50.0 50.0 50.0 50.0 50.0 50.0 50.0 50.0 50.0 50.0 50.0 50.0 50.0 50.0 50.0 50.0 50.0 50.0 50.0 50.0 50.0 50.0 50.0 50.0 50.0 50.0 50.0 50.0 50.0 50.0 50.0 50.0 50.0 50.0 50.0 50.0 50.0 50.0 50.0 50.0 50.0 50.0 50.0 50.0 50.0 50.0 50.0 50.0 50.0 50.0 50.0 50.0 50.0 50.0 50.0 50.0 50.0 50.0 50.0 50.0 50.0 50.0 50.0 50.0 50.0 50.0 50.0 50.0 50.0 50.0 50.0 50.0 50.0 50.0 50.0 50.0 50.0 50.0 50.0 50.0 50.0 50.0 50.0 50.0 50.0 50.0 50.0 50.0 50.0 50.0 50.0 50.0 50.0 50.0 50.0 50.0 50.0 50.0 50.0 50.0 50.0 50.0 50.0 50.0 50.0 50.0 50.0 50.0 50.0 50.0 50.0 
# name: reacPower
# type: matrix
# rows: 1
# columns: 360
 0.0 0.0 0.0 0.0 0.0 -2.81 -2.81 -2.81 -2.81 -2.81 -2.706 -2.81 -2.706 -2.706 -2.706 -2.706 -2.706 -2.706 -2.706 -2.706 -2.706 -2.706 -2.706 -2.706 -2.706 -2.706 -2.706 -2.706 -2.706 -2.706 -2.706 -2.706 -2.706 -2.706 -2.706 -2.706 -2.706 -2.706 -2.706 -2.706 -2.706 -2.706 -2.706 -2.706 -2.706 -2.706 -2.706 -2.706 -2.601 -2.706 -2.706 -2.706 -2.706 -2.601 -2.706 -2.706 -2.601 -2.706 -2.601 -2.601 -2.601 -2.601 -2.706 -2.601 -2.601 -2.601 -2.601 -2.601 -2.601 -2.601 -2.601 -2.706 -2.601 -2.601 -2.601 -2.601 -2.601 -2.601 -2.601 -2.601 -2.601 -2.706 -2.601 -2.601 -2.601 -2.601 -2.601 -2.601 -2.601 -2.601 -2.601 -2.601 -2.601 -2.601 -2.601 -2.601 -2.601 -2.601 -2.601 -2.601 -2.601 -2.601 -2.601 -2.601 -2.601 -2.601 -2.601 -2.601 -2.601 -2.601 -2.601 -2.601 -2.601 -2.601 -2.601 -2.601 -2.601 -2.601 -2.601 -2.601 -2.601 -2.601 -2.601 -2.601 -2.601 -2.601 -2.601 -2.601 -2.601 -2.601 -2.601 -2.601 -2.601 -2.601 -2.601 -2.601 -2.601 -2.601 -2.601 -2.601 -2.601 -2.601 -2.601 -2.601 -2.601 -2.601 -2.601 -2.601 -2.601 -2.601 -2.601 -2.601 -2.601 -2.601 -2.601 -2.601 -2.601 -2.601 -2.601 -2.601 -2.601 -2.601 -2.601 -2.601 -2.601 -2.601 -2.601 -2.601 -2.601 -2.601 -2.601 -2.601 -2.601 -2.601 -2.601 -2.601 -2.601 -2.601 -2.601 -2.601 -2.601 -2.601 -2.601 -2.601 -2.601 -2.601 -2.601 -2.601 -2.601 -2.601 -2.601 -2.601 -2.601 -2.601 -2.601 -2.601 -2.601 -2.601 -2.601 -2.601 -2.601 -2.601 -2.601 -2.601 -2.601 -2.601 -2.601 -2.601 -2.601 -2.601 -2.601 -2.601 -2.601 -2.601 -2.601 -2.601 -2.497 -2.601 -2.601 -2.601 -2.601 -2.601 -2.497 -2.601 -2.601 -2.601 -2.601 -2.601 -2.601 -2.601 -2.601 -2.601 -2.601 -2.601 -2.601 -2.601 -2.601 -2.601 -2.601 -2.601 -2.601 -2.601 -2.601 -2.601 -2.601 -2.601 -2.601 -2.601 -2.601 -2.601 -2.601 -2.601 -2.601 -2.601 -2.601 -2.601 -2.601 -2.601 -2.601 -2.601 -2.601 -2.601 -2.601 -2.601 -2.601 -2.601 -2.601 -2.601 -2.601 -2.601 -2.601 -2.601 -2.601 -2.601 -2.601 -2.601 -2.601 -2.601 -2.601 -2.601 -2.601 -2.601 -2.601 -2.601 -2.601 -2.601 -2.601 -2.601 -2.601 -2.601 -2.601 -2.601 -2.601 -2.601 -2.601 -2.601 -2.601 -2.601 -2.601 -2.601 -2.601 -2.601 -2.601 -2.601 -2.601 -2.601 -2.601 -2.601 -2.601 -2.601 -2.601 -2.601 -2.601 -2.601 -2.601 -2.601 -2.601 -2.601 -2.601 -2.601 -2.601 -2.601 -2.601 -2.601 -2.601 -2.601 -2.601 -2.601 -2.601 -2.601 -2.601 -2.601 -2.601 -2.601 -2.601 -2.601 -2.601 -2.601 -2.601 -2.601 -2.601 -2.601 -2.601 -2.601 -2.601 -2.601 -2.601 -2.601 -2.601 -2.601 -2.601 -2.601 -2.601 -2.601 -2.601 -2.601 -2.601 -2.601 -2.601 0.0 
