# name: phAngle
# type: matrix
# rows: 1
# columns: 360
 0 0 0 0 335 335 337 333 337 337 337 335 335 335 335 335 335 335 335 335 335 335 335 335 335 335 335 335 335 335 335 335 335 335 335 335 335 335 335 335 335 335 335 335 335 335 335 335 335 335 335 335 335 335 335 335 335 335 335 335 335 335 335 335 335 335 335 335 335 335 335 335 335 335 335 335 335 335 335 335 335 335 335 335 335 335 335 335 335 335 335 335 335 335 335 335 335 335 335 335 335 335 335 335 335 335 335 335 335 335 335 335 335 335 335 335 335 335 335 335 335 335 335 335 335 335 335 335 335 335 335 335 335 335 335 335 335 335 335 335 335 335 335 335 335 335 335 335 335 335 335 335 335 335 335 335 335 335 335 335 335 335 335 335 335 335 335 335 335 335 335 335 335 335 335 335 335 335 335 335 335 335 335 335 335 335 335 335 335 335 335 335 335 335 335 335 335 335 335 335 335 335 335 335 335 335 335 335 335 335 335 335 335 335 335 335 335 335 335 335 335 335 335 335 335 335 335 335 335 335 335 335 335 335 335 335 335 335 335 335 335 335 335 335 335 335 335 335 335 335 335 335 335 335 335 335 335 335 335 335 335 335 335 335 335 335 335 335 335 335 335 335 335 335 335 335 335 335 335 335 335 335 335 335 335 335 335 335 335 335 335 335 335 335 335 335 335 335 335 335 335 335 335 335 335 335 335 335 335 335 335 335 335 335 335 335 335 335 335 335 335 335 335 335 335 335 335 335 335 335 335 335 335 335 335 335 335 335 335 335 335 335 335 335 335 335 335 335 335 335 335 335 335 335 335 335 335 335 335 335 
# name: freq
# type: matrix
# rows: 1
# columns: 360
 50.0 50.0 50.0 50.0 50.0 50.0 50.0 50.0 50.0 50.0 50.0 50.0 50.0 50.0 50.0 50.0 50.0 50.0 50.0 50.0 50.0 50.0 50.0 50.0 50.0 50.0 50.0 50.0 50.0 50.0 50.0 50.0 50.0 50.0 50.0 50.0 50.0 50.0 50.0 50.0 50.0 50.0 50.0 50.0 50.0 50.0 50.0 50.0 50.0 50.0 50.0 50.0 50.0 50.0 50.0 50.0 50.0 50.0 50.0 50.0 50.0 50.0 50.0 50.0 50.0 50.0 50.0 50.0 50.0 50.0 50.0 50.0 50.0 50.0 50.0 50.0 50.0 50.0 50.0 50.0 50.0 50.0 50.0 50.0 50.0 50.0 50.0 50.0 50.0 50.0 50.0 50.0 50.0 50.0 50.0 50.0 50.0 50.0 50.0 50.0 50.0 50.0 50.0 50.0 50.0 50.0 50.0 50.0 50.0 50.0 50.0 50.0 50.0 50.0 50.0 50.0 50.0 50.0 50.0 50.0 50.0 50.0 50.0 50.0 50.0 50.0 50.0 50.0 50.0 50.0 50.0 50.0 50.0 50.0 50.0 50.0 50.0 50.0 50.0 50.0 50.0 50.0 50.0 50.0 50.0 50.0 50.0 50.0 50.0 50.0 50.0 50.0 50.0 50.0 50.0 50.0 50.0 50.0 50.0 50.0 50.0 50.0 50.0 50.0 50.0 50.1 50.0 50.0 50.0 50.0 50.0 50.0 50.0 50.0 50.0 50.0 50.0 50.0 50.0 50.0 50.0 50.0 50.0 50.0 50.0 50.0 50.0 50.0 50.0 50.0 50.0 50.0 50.0 50.0 50.0 50.0 50.0 50.0 50.0 50.0 50.0 50.0 50.0 50.0 50.0 50.0 50.0 50.0 50.0 50.0 50.0 50.0 50.0 50.0 50.0 50.0 50.0 50.0 50.0 50.0 50.0 50.0 50.0 50.0 50.0 50.0 50.0 50.0 50.0 50.0 50.0 50.0 50.0 50.0 50.0 50.0 50.0 50.0 50.0 50.0 50.0 50.0 50.0 50.0 50.0 50.0 50.0 50.0 50.0 50.0 50.0 50.0 50.0 50.0 50.0 50.0 50.0 50.0 50.0 50.0 50.0 50.0 50.0 50.0 50.0 50.0 50.0 50.0 50.0 50.0 50.0 50.0 50.0 50.0 50.0 50.0 50.0 50.0 50.0 50.0 50.0 50.0 50.0 50.0 50.0 50.0 50.0 50.0 50.0 50.0 50.0 50.0 50.0 50.0 50.0 50.0 50.0 50.0 50.0 50.0 50.0 50.0 50.0 50.0 50.0 50.0 50.0 50.0 50.0 50.0 50.0 50.0 50.0 50.0 50.0 50.0 50.0 50.0 50.0 50.0 50.0 50.0 50.0 50.0 50.0 50.0 50.0 50.0 50.0 50.0 50.0 50.0 50.0 50.0 50.0 50.0 50.0 50.0 50.0 50.0 50.0 50.0 50.0 50.0 50.0 50.0 50.0 50.0 50.0 50.0 50.0 50.0 50.0 50.0 50.0 50.0 50.0 50.0 50.0 50.0 
# name: reacPower
# type: matrix
# rows: 1
# columns: 360
 0.0 0.0 0.0 0.0 -12.836 -13.561 -14.285 -14.596 -14.389 -14.078 -13.975 -13.768 -13.561 -13.354 -13.25 -13.147 -13.147 -13.147 -13.043 -13.043 -13.043 -12.836 -12.836 -12.94 -13.043 -13.043 -13.043 -13.043 -13.043 -12.94 -12.94 -13.043 -12.94 -13.043 -13.043 -12.94 -12.94 -13.043 -13.043 -13.043 -13.043 -13.043 -13.043 -13.043 -13.043 -13.043 -13.043 -13.147 -13.147 -13.043 -13.043 -13.043 -13.043 -13.043 -13.043 -13.043 -13.043 -13.043 -13.043 -13.043 -13.043 -13.043 -13.043 -13.147 -13.043 -13.043 -13.043 -13.043 -13.147 -13.043 -13.043 -13.147 -13.043 -13.147 -13.043 -13.147 -13.147 -13.043 -13.043 -13.043 -13.043 -13.043 -13.043 -12.94 -13.043 -13.043 -13.043 -13.043 -13.043 -13.043 -13.043 -13.043 -13.043 -13.043 -13.043 -13.043 -13.043 -13.043 -13.043 -13.043 -13.043 -13.043 -13.043 -13.043 -12.94 -13.043 -13.043 -13.043 -13.043 -13.147 -13.043 -13.043 -13.043 -13.043 -13.147 -13.147 -13.147 -13.147 -13.043 -13.147 -13.043 -13.043 -13.043 -13.043 -13.043 -12.94 -13.043 -13.043 -12.94 -13.043 -13.043 -12.94 -13.043 -13.043 -13.043 -12.94 -13.043 -13.043 -13.147 -13.043 -13.043 -13.043 -13.043 -13.043 -13.043 -13.043 -13.147 -13.043 -13.043 -13.043 -12.94 -12.94 -12.94 -12.94 -12.94 -12.94 -12.94 -12.94 -12.94 -13.043 -12.94 -12.94 -12.94 -12.94 -13.043 -12.94 -12.94 -12.94 -12.94 -12.94 -12.94 -12.836 -12.94 -12.94 -13.043 -12.94 -13.043 -12.94 -12.94 -12.94 -12.94 -12.94 -12.836 -12.836 -12.94 -12.94 -12.836 -12.836 -12.836 -12.836 -12.94 -12.94 -13.043 -12.94 -13.043 -12.94 -12.94 -12.94 -12.94 -12.94 -12.94 -12.94 -12.94 -12.94 -13.043 -13.043 -13.043 -13.043 -12.94 -12.94 -13.043 -13.043 -12.94 -12.94 -12.94 -12.94 -12.94 -12.94 -12.94 -12.94 -13.043 -13.043 -12.94 -12.94 -13.043 -13.043 -13.043 -13.043 -12.94 -13.043 -13.043 -13.043 -13.043 -13.043 -13.043 -13.043 -13.043 -13.043 -13.147 -13.147 -13.147 -13.147 -13.043 -13.043 -13.043 -13.043 -13.043 -13.043 -13.043 -13.043 -13.043 -13.147 -13.043 -13.147 -13.043 -13.043 -13.043 -13.043 -13.147 -13.043 -13.043 -13.043 -13.147 -13.043 -13.043 -13.043 -13.147 -13.147 -12.94 -13.043 -13.043 -13.043 -13.043 -13.043 -13.043 -13.043 -13.043 -13.043 -13.043 -13.043 -13.043 -13.043 -13.147 -13.147 -13.147 -13.147 -13.043 -13.043 -13.043 -13.043 -13.043 -13.043 -13.147 -13.043 -13.043 -13.147 -13.043 -13.043 -13.043 -13.043 -13.043 -13.043 -13.043 -13.043 -13.043 -13.043 -13.147 -13.043 -13.043 -13.043 -13.043 -13.043 -13.043 -13.043 -13.043 -13.043 -13.147 -13.147 -13.147 -13.147 -13.147 -13.043 -13.147 -13.147 -13.147 -13.147 -13.147 -13.043 -13.147 -13.043 -13.147 -13.147 -13.043 -13.043 -13.043 -13.043 -13.043 -13.043 -13.043 -13.147 -13.147 -13.147 -13.043 -13.147 -13.147 -13.147 -13.147 -13.147 -13.147 -13.147 -13.147 -13.147 -13.147 -13.043 -13.147 -13.043 -13.043 -13.147 -13.043 -13.043 
