# name: phAngle
# type: matrix
# rows: 1
# columns: 361
 0 0 0 0 0 0 0 0 0 0 0 0 0 0 0 0 0 0 0 0 0 1 1 34 34 34 34 34 34 34 34 34 34 34 34 34 34 34 34 34 34 34 34 34 34 34 34 34 34 34 34 34 34 34 34 34 34 34 34 34 34 34 34 34 34 34 34 34 34 34 34 34 34 34 34 34 34 34 34 34 34 34 34 34 34 34 34 34 34 34 34 34 34 34 34 34 34 34 34 34 34 34 34 34 34 34 34 34 34 34 34 34 34 34 34 34 34 34 34 34 34 34 34 34 34 34 34 34 34 34 34 34 34 34 34 34 34 34 34 34 34 34 34 34 34 34 34 34 34 34 34 34 34 34 34 34 34 34 34 34 34 34 34 34 34 34 34 34 34 34 34 34 34 34 34 34 34 34 34 34 34 34 34 34 34 34 34 34 34 34 34 34 34 34 34 34 34 34 34 34 34 34 34 34 34 34 34 34 34 34 34 34 34 34 34 34 34 34 34 34 34 34 34 34 34 34 34 34 34 34 34 34 34 34 34 34 34 34 34 34 34 34 34 34 34 34 34 34 34 34 34 34 34 34 34 34 34 34 34 34 34 34 34 34 34 34 34 34 34 34 34 34 34 34 34 34 34 34 34 34 34 34 34 34 34 34 34 34 34 34 34 34 34 34 34 34 34 34 34 34 34 34 34 34 34 34 34 34 34 34 34 34 34 34 34 34 34 34 34 34 34 34 34 34 34 34 34 34 34 34 34 34 34 34 34 34 34 34 34 34 34 34 34 34 34 34 34 34 34 34 34 34 34 34 34 34 34 34 34 34 34 
# name: freq
# type: matrix
# rows: 1
# columns: 361
 50.0 50.0 50.0 50.0 50.0 50.0 50.0 50.0 50.0 50.0 50.0 50.0 50.0 50.0 50.0 50.0 50.0 50.0 50.0 50.0 50.0 50.0 50.0 50.0 50.0 50.0 50.0 50.0 50.0 50.0 50.0 50.0 50.0 50.0 50.0 50.0 50.0 50.0 50.0 50.0 50.0 50.0 50.0 50.0 50.0 50.0 50.0 50.0 50.0 50.0 50.0 50.0 50.0 50.0 50.0 50.0 50.0 50.0 50.0 50.0 50.0 50.0 50.0 50.0 50.0 50.0 50.0 50.0 50.0 50.0 50.0 50.0 50.0 50.0 50.0 50.0 50.0 50.0 50.0 50.0 50.0 50.0 50.0 50.0 50.0 50.0 50.0 50.0 50.0 50.0 50.0 50.0 50.0 50.0 50.0 50.0 50.0 50.0 50.0 50.0 50.0 50.0 50.0 50.0 50.0 50.0 50.0 50.0 50.0 50.0 50.0 50.0 50.0 50.0 50.0 50.0 50.0 50.0 50.0 50.0 50.0 50.0 50.0 50.0 50.0 50.0 50.0 50.0 50.0 50.0 50.0 50.0 50.0 50.0 50.0 50.0 50.0 50.0 50.0 50.0 50.0 50.0 50.0 50.0 50.0 50.0 50.0 50.0 50.0 50.0 50.0 50.0 50.0 50.0 50.0 50.0 50.0 50.0 50.0 50.0 50.0 50.0 50.0 50.0 50.0 49.9 50.0 50.0 50.0 50.0 50.0 50.0 50.0 50.0 50.0 50.0 50.0 50.0 50.0 50.0 50.0 50.0 50.0 50.0 50.0 50.0 50.0 50.0 50.0 50.0 50.0 50.0 50.0 50.0 50.0 50.0 50.0 50.0 50.0 50.0 50.0 50.0 50.0 50.0 50.0 50.0 50.0 50.0 50.0 50.0 50.0 50.0 50.0 50.0 50.0 50.0 50.0 50.0 50.0 50.0 50.0 50.0 50.0 50.0 50.0 50.0 50.0 50.0 50.0 50.0 50.0 50.0 50.0 50.0 50.0 50.0 50.0 50.0 50.0 50.0 50.0 50.0 50.0 50.0 50.0 50.0 50.0 50.0 50.0 50.0 50.0 50.0 50.0 50.0 50.0 50.0 50.0 50.0 50.0 50.0 50.0 50.0 50.0 50.0 50.0 50.0 50.0 50.0 50.0 50.0 50.0 50.0 50.0 50.0 50.0 50.0 50.0 50.0 50.0 50.0 50.0 50.0 50.0 50.0 50.0 50.0 50.0 50.0 50.0 50.0 50.0 50.0 50.0 50.0 50.0 50.0 50.0 50.0 50.0 50.0 50.0 50.0 50.0 50.0 50.0 50.0 50.0 50.0 50.0 50.0 50.0 50.0 50.0 50.0 50.0 50.0 50.0 50.0 50.0 50.0 50.0 50.0 50.0 50.0 50.0 50.0 50.0 50.0 50.0 50.0 50.0 50.0 50.0 50.0 50.0 50.0 50.0 50.0 50.0 50.0 50.0 50.0 50.0 50.0 50.0 50.0 50.0 50.0 50.0 50.0 50.0 50.0 50.0 50.0 50.0 50.0 50.0 50.0 50.0 50.0 50.0 
# name: reacPower
# type: matrix
# rows: 1
# columns: 361
 0.0 0.0 0.0 0.0 0.0 0.0 0.0 0.0 0.0 0.0 0.0 0.0 0.0 0.0 0.0 0.0 0.0 0.0 0.0 0.0 0.0 6.211 6.211 97.205 97.205 97.102 97.102 96.895 96.584 96.584 96.584 96.584 96.584 96.584 96.481 96.584 96.584 96.481 96.481 96.377 96.481 96.377 96.273 96.273 96.273 96.273 96.377 96.273 96.273 96.17 96.066 96.066 96.066 96.066 96.066 96.066 96.066 96.377 96.377 96.481 96.273 96.273 95.963 96.17 96.066 96.17 96.273 96.273 96.273 96.273 96.273 96.273 96.377 96.584 96.481 96.688 96.584 96.377 96.481 96.273 96.584 96.481 96.17 96.377 96.377 96.377 96.17 96.377 96.377 96.273 96.273 96.273 96.273 96.273 96.17 96.273 96.17 96.066 96.066 95.963 95.963 95.963 96.066 95.342 94.617 94.824 94.721 94.721 94.721 94.617 94.41 94.617 94.617 94.514 94.617 94.514 94.514 94.721 94.617 94.514 94.514 94.824 94.617 94.514 94.617 94.617 94.514 94.514 95.031 95.342 95.135 94.824 94.928 95.135 94.824 95.238 94.824 94.514 95.135 94.928 94.928 94.928 94.824 95.031 95.031 94.928 95.031 95.135 95.031 94.928 95.342 95.342 95.238 95.342 95.135 95.238 95.135 95.031 95.238 95.135 95.031 95.135 95.135 95.031 94.928 95.031 95.135 95.031 94.928 95.135 95.135 95.031 95.031 95.135 95.238 95.135 95.031 95.135 95.135 95.135 95.238 95.135 95.238 95.238 95.135 95.238 95.135 95.135 95.963 95.859 95.859 95.963 95.859 95.652 95.652 95.549 95.652 95.859 95.963 95.756 95.859 95.963 95.859 95.549 95.549 95.238 95.342 95.445 95.549 95.549 95.445 95.445 95.549 95.342 95.031 94.41 94.617 94.617 94.307 94.307 94.41 94.617 94.617 94.721 94.617 95.652 95.549 95.549 95.549 95.652 95.549 95.652 95.652 95.756 95.756 95.652 95.652 95.445 94.824 94.721 94.824 94.928 94.824 94.824 95.549 95.549 95.652 95.549 95.549 95.549 95.549 95.445 95.549 95.342 95.342 95.445 95.342 95.342 95.342 95.342 95.342 95.445 95.342 95.342 95.342 95.342 95.445 95.238 95.445 95.445 95.342 95.445 95.342 95.342 95.445 95.342 94.721 94.514 94.617 94.928 95.031 95.031 95.135 95.031 95.031 95.135 95.135 94.928 95.135 95.031 95.031 95.135 95.031 94.928 95.238 95.342 95.238 95.342 95.238 95.238 95.238 95.238 95.238 95.238 95.135 95.135 95.135 95.135 95.135 95.031 95.135 95.031 95.031 94.928 95.031 95.031 94.824 95.031 95.031 94.928 95.031 94.928 94.824 94.928 94.928 94.928 94.928 94.824 94.617 94.617 94.617 94.514 94.824 94.928 94.824 95.342 95.135 95.342 95.342 95.445 95.445 95.342 95.342 95.342 95.238 95.238 95.342 95.342 95.342 95.342 95.342 95.342 95.445 95.342 95.549 95.652 95.549 95.549 95.549 95.445 95.445 
