# name: phAngle
# type: matrix
# rows: 1
# columns: 359
 0 0 0 0 0 0 0 0 0 0 0 0 0 0 0 0 0 0 0 0 0 331 335 333 333 333 333 337 337 337 337 337 335 335 335 335 335 335 335 335 335 335 335 335 335 335 335 335 335 335 335 335 335 335 335 335 335 335 335 335 335 335 335 335 335 335 335 335 335 335 335 335 335 335 335 335 335 335 335 335 335 335 335 335 335 335 335 335 335 335 335 335 335 335 335 335 335 335 335 335 335 335 335 335 335 335 335 335 335 335 335 335 335 335 335 335 335 335 335 335 335 335 335 335 335 335 335 335 335 335 335 335 335 335 335 335 335 335 335 335 335 335 335 335 335 335 335 335 335 335 335 335 335 335 335 335 335 335 335 335 335 335 335 335 335 335 335 335 335 335 335 335 335 335 335 335 335 335 335 335 335 335 335 335 335 335 335 335 335 335 335 335 335 335 335 335 335 335 335 335 335 335 335 335 335 335 335 335 335 335 335 335 335 335 335 335 335 335 335 335 335 335 335 335 335 335 335 335 335 335 335 335 335 335 335 335 335 335 335 335 335 335 335 335 335 335 335 335 335 335 335 335 335 335 335 335 335 335 335 335 335 335 335 335 335 335 335 335 335 335 335 335 335 335 335 335 335 335 335 335 335 335 335 335 335 335 335 335 335 335 335 335 335 335 335 335 335 335 335 335 335 335 335 335 335 335 335 335 335 335 335 335 335 335 335 335 335 335 335 335 335 335 335 335 335 335 335 335 335 335 335 335 335 335 335 335 335 335 335 335 335 335 335 335 335 335 335 335 335 335 335 335 335 335 335 335 335 335 335 
# name: freq
# type: matrix
# rows: 1
# columns: 359
 50.0 50.0 50.0 50.0 50.0 50.0 50.0 50.0 50.0 50.0 50.0 50.0 50.0 50.0 50.0 50.0 50.0 50.0 50.0 50.0 50.0 50.0 50.0 50.0 50.0 50.0 50.0 50.0 50.0 50.0 50.0 50.0 50.0 50.0 50.0 50.0 50.0 50.0 50.0 50.0 50.0 50.0 50.0 50.0 50.0 50.0 50.0 50.0 50.0 50.0 50.0 50.0 50.0 50.0 50.0 50.0 50.0 50.0 50.0 50.0 50.0 50.0 50.0 50.0 50.0 50.0 50.0 50.0 50.0 50.0 50.0 50.0 50.0 50.0 50.0 50.0 50.0 50.0 50.0 50.0 50.0 50.0 50.0 50.0 50.0 50.0 50.0 50.0 50.0 50.0 50.0 50.0 50.0 50.0 50.0 50.0 50.0 50.0 50.0 50.0 50.0 50.0 50.0 50.0 50.0 50.0 50.0 50.0 50.0 50.0 50.0 50.0 50.0 50.0 50.0 50.0 50.0 50.0 50.0 50.0 50.0 50.0 50.0 50.0 50.0 50.0 50.0 50.0 50.0 50.0 50.0 50.0 50.0 50.0 50.0 50.0 50.0 50.0 50.0 50.0 50.0 50.0 50.0 50.0 50.0 50.0 50.0 50.0 50.0 50.0 50.0 50.0 50.0 50.0 50.0 50.0 50.0 50.0 50.0 50.0 50.0 50.0 50.0 50.0 50.0 50.0 50.0 50.0 50.0 50.0 50.0 50.0 50.0 50.0 50.0 50.0 50.0 50.0 50.0 50.0 50.0 50.0 50.0 50.0 50.0 50.0 50.0 50.0 50.0 50.0 50.0 50.0 50.0 50.0 50.0 50.0 50.0 50.0 50.0 50.0 50.0 50.0 50.0 50.0 50.0 50.0 50.0 50.0 50.0 50.0 50.0 50.0 50.0 50.0 50.0 50.0 50.0 50.0 50.0 50.0 50.0 50.0 50.0 50.0 50.0 50.0 50.0 50.0 50.0 50.0 50.0 50.0 50.0 50.0 50.0 50.0 50.0 50.0 50.0 50.0 50.0 50.0 50.0 50.0 50.0 50.0 50.0 50.0 50.0 50.0 50.0 50.0 50.0 50.0 50.0 50.0 50.0 50.0 50.0 50.0 50.0 50.0 50.0 50.0 50.0 50.0 50.0 50.0 50.0 50.0 50.0 50.0 50.0 50.0 50.0 50.0 50.0 50.0 50.0 50.0 50.0 50.0 50.0 50.0 50.0 50.0 50.0 50.0 50.0 50.0 50.0 50.0 50.0 50.0 50.0 50.0 50.0 50.0 50.0 50.0 50.0 50.0 50.0 50.0 50.0 50.0 50.0 50.0 50.0 50.0 50.0 50.0 50.0 50.0 50.0 50.0 50.0 50.0 50.0 50.0 50.0 50.0 50.0 50.0 50.0 50.0 50.0 50.0 50.0 50.0 50.0 50.0 50.0 50.0 50.0 50.0 50.0 50.0 50.0 50.0 50.0 50.0 50.0 50.0 50.0 50.0 50.0 50.0 50.0 50.0 50.0 50.0 50.0 50.0 50.0 50.0 50.0 50.0 50.0 
# name: reacPower
# type: matrix
# rows: 1
# columns: 359
 0.0 0.0 0.0 0.0 0.0 0.0 0.0 0.0 0.0 0.0 0.0 0.0 0.0 0.0 0.0 0.0 0.0 0.0 0.0 0.0 0.0 -25.258 -13.354 -14.596 -14.906 -14.803 -14.596 -14.389 -14.182 -14.078 -13.975 -13.871 -13.871 -13.871 -13.871 -13.768 -13.664 -13.664 -13.768 -13.664 -13.664 -13.664 -13.664 -13.664 -13.664 -13.768 -13.664 -13.768 -13.664 -13.664 -13.561 -13.561 -13.561 -13.561 -13.664 -13.664 -13.561 -13.664 -13.664 -13.664 -13.561 -13.664 -13.664 -13.664 -13.768 -13.768 -13.768 -13.664 -13.768 -13.768 -13.768 -13.768 -13.768 -13.768 -13.768 -13.768 -13.768 -13.664 -13.664 -13.664 -13.561 -13.561 -13.664 -13.561 -13.664 -13.561 -13.561 -13.664 -13.664 -13.664 -13.561 -13.561 -13.561 -13.561 -13.561 -13.664 -13.664 -13.664 -13.664 -13.664 -13.561 -13.664 -13.561 -13.457 -13.354 -13.354 -13.457 -13.457 -13.457 -13.354 -13.354 -13.457 -13.354 -13.354 -13.354 -13.354 -13.354 -13.457 -13.457 -13.457 -13.354 -13.354 -13.354 -13.457 -13.354 -13.354 -13.354 -13.561 -13.561 -13.457 -13.561 -13.561 -13.561 -13.561 -13.561 -13.561 -13.354 -13.457 -13.457 -13.457 -13.457 -13.457 -13.561 -13.457 -13.457 -13.561 -13.561 -13.457 -13.561 -13.457 -13.457 -13.354 -13.354 -13.457 -13.354 -13.354 -13.457 -13.457 -13.354 -13.354 -13.354 -13.354 -13.354 -13.354 -13.457 -13.354 -13.354 -13.354 -13.457 -13.457 -13.354 -13.457 -13.457 -13.457 -13.457 -13.457 -13.457 -13.457 -13.457 -13.457 -13.457 -13.457 -13.457 -13.457 -13.457 -13.457 -13.457 -13.664 -13.664 -13.664 -13.561 -13.664 -13.561 -13.561 -13.561 -13.561 -13.561 -13.561 -13.561 -13.561 -13.561 -13.561 -13.561 -13.561 -13.561 -13.664 -13.457 -13.664 -13.561 -13.561 -13.561 -13.561 -13.561 -13.457 -13.561 -13.457 -13.561 -13.457 -13.457 -13.457 -13.561 -13.561 -13.561 -13.664 -13.561 -13.664 -13.664 -13.561 -13.561 -13.664 -13.664 -13.768 -13.664 -13.664 -13.664 -13.561 -13.561 -13.561 -13.561 -13.561 -13.561 -13.457 -13.561 -13.664 -13.664 -13.664 -13.561 -13.561 -13.664 -13.664 -13.664 -13.561 -13.664 -13.664 -13.664 -13.664 -13.664 -13.561 -13.561 -13.561 -13.561 -13.664 -13.561 -13.457 -13.561 -13.561 -13.561 -13.561 -13.664 -13.664 -13.664 -13.664 -13.664 -13.664 -13.664 -13.354 -13.354 -13.457 -13.457 -13.457 -13.457 -13.457 -13.457 -13.457 -13.457 -13.457 -13.457 -13.561 -13.561 -13.561 -13.457 -13.561 -13.561 -13.561 -13.561 -13.561 -13.664 -13.561 -13.561 -13.664 -13.664 -13.664 -13.664 -13.664 -13.664 -13.664 -13.561 -13.664 -13.561 -13.561 -13.664 -13.561 -13.664 -13.664 -13.561 -13.664 -13.561 -13.561 -13.561 -13.561 -13.457 -13.561 -13.561 -13.561 -13.561 -13.561 -13.457 -13.457 -13.561 -13.457 -13.457 -13.457 -13.457 -13.457 -13.457 -13.457 -13.457 -13.457 -13.457 -13.457 -13.561 -13.561 -13.457 -13.457 -13.457 -13.457 -13.457 -13.354 -13.457 -13.457 -13.457 -13.457 -13.457 -13.457 -13.457 -13.561 -13.561 -13.457 -13.457 
