# name: phAngle
# type: matrix
# rows: 1
# columns: 362
 0 0 0 1 1 1 42 42 42 42 42 41 41 26 26 26 26 1 1 1 1 1 26 24 24 24 24 24 24 24 24 24 24 24 24 24 24 24 24 24 24 24 24 24 24 24 24 24 24 24 24 24 24 24 24 24 24 24 24 24 24 24 24 24 24 24 24 24 24 24 24 24 24 24 24 24 24 24 24 24 24 24 24 24 24 24 24 24 24 24 24 24 24 24 24 24 24 24 24 24 24 24 24 24 24 24 24 24 24 24 24 24 24 24 24 24 24 24 24 24 24 24 24 24 24 24 24 24 24 24 24 24 24 24 24 24 24 24 24 24 24 24 24 24 24 24 24 24 24 24 24 24 24 24 24 24 24 24 24 24 24 24 24 24 24 24 24 24 24 24 24 24 24 24 24 24 24 24 24 24 24 24 24 24 24 24 24 24 24 24 24 24 24 24 24 24 24 24 24 24 24 24 24 24 24 24 24 24 24 24 24 24 24 24 24 24 24 24 24 24 24 24 24 24 24 24 24 24 24 24 24 24 24 24 24 24 24 24 24 24 24 24 24 24 24 24 24 24 24 24 24 24 24 24 24 24 24 24 24 24 24 24 24 24 24 24 24 24 24 24 24 24 24 24 24 24 24 24 24 24 24 24 24 24 24 24 24 24 24 24 24 24 24 24 24 24 24 24 24 24 24 24 24 24 24 24 24 24 24 24 24 24 24 24 24 24 24 24 24 24 24 24 24 24 24 24 24 24 24 24 24 24 24 24 24 24 24 24 24 24 24 24 24 24 24 24 24 24 24 24 24 24 24 24 24 24 24 24 24 24 24 24 
# name: freq
# type: matrix
# rows: 1
# columns: 362
 50.0 50.0 50.0 50.0 50.0 50.0 50.0 50.0 50.0 50.0 50.0 50.0 50.0 50.0 50.0 50.0 50.0 50.0 50.0 50.0 50.0 50.0 50.0 50.0 50.0 50.0 50.0 50.0 50.0 50.0 50.0 50.0 50.0 50.0 50.0 50.0 50.0 50.0 50.0 50.0 50.0 50.0 50.0 50.0 50.0 50.0 50.0 50.0 50.0 50.0 50.0 50.0 50.0 50.0 50.0 50.0 50.0 50.0 50.0 50.0 50.0 50.0 50.0 50.0 50.0 50.0 50.0 50.0 50.0 50.0 50.0 50.0 50.0 50.0 50.0 50.0 50.0 50.0 50.0 50.0 50.0 50.0 50.0 50.0 50.0 50.0 50.0 50.0 50.0 50.0 50.0 50.0 50.0 50.0 50.0 50.0 50.0 50.0 50.0 50.0 50.0 50.0 50.0 50.0 50.0 50.0 50.0 50.0 50.0 50.0 50.0 50.0 50.0 50.0 50.0 50.0 50.0 50.0 50.0 50.0 50.0 50.0 50.0 50.0 50.0 50.0 50.0 50.0 50.0 50.0 50.0 50.0 50.0 50.0 50.0 50.0 50.0 50.0 50.0 50.0 50.0 50.0 50.0 50.0 50.0 50.0 50.0 50.0 50.0 50.0 50.0 50.0 50.0 50.1 50.0 50.1 50.0 50.0 50.0 50.1 50.0 50.0 50.0 50.0 50.0 50.1 50.0 50.0 50.0 50.0 50.0 50.0 50.0 50.0 50.1 50.0 50.0 50.0 50.0 50.0 50.0 50.0 50.0 50.0 50.0 50.0 50.0 50.0 50.0 50.0 50.0 50.0 50.0 50.0 50.0 50.0 50.0 50.0 50.0 50.0 50.0 50.0 50.0 50.0 50.0 50.0 50.0 50.0 50.0 50.0 50.0 50.0 50.0 50.0 50.0 50.0 50.0 50.0 50.0 50.0 50.0 50.0 50.0 50.0 50.0 50.0 50.0 50.0 50.0 50.0 50.0 50.0 50.0 50.1 50.0 50.0 50.0 50.0 50.0 50.0 50.0 50.0 50.0 50.0 50.0 50.0 50.0 50.0 50.0 50.0 50.0 50.0 50.0 50.0 50.0 50.0 50.0 50.0 50.0 50.0 50.0 50.0 50.0 50.0 50.0 50.0 50.0 50.0 50.0 50.0 50.0 50.0 50.0 50.0 50.0 50.0 50.0 50.0 50.0 50.0 50.0 50.0 50.0 50.0 50.0 50.0 50.0 50.0 50.0 50.0 50.0 50.0 50.0 50.0 50.0 50.0 50.0 50.0 50.0 50.0 50.0 50.0 50.0 50.0 50.0 50.0 50.0 50.0 50.0 50.0 50.0 50.0 50.0 50.0 50.0 50.0 50.0 50.0 50.0 50.0 50.0 50.0 50.0 50.0 50.0 50.0 50.0 50.0 50.0 50.0 50.0 50.0 50.0 50.0 50.0 50.0 50.0 50.0 50.0 50.0 50.0 50.0 50.0 50.0 50.0 50.0 50.0 50.0 50.0 50.0 50.0 50.0 50.0 50.0 50.0 50.0 50.0 50.0 50.0 50.0 50.0 50.0 
# name: reacPower
# type: matrix
# rows: 1
# columns: 362
 0.0 0.0 0.0 6.211 6.107 6.211 95.031 95.135 95.135 95.238 95.135 95.238 95.238 86.543 86.543 86.439 86.439 6.211 6.211 6.211 6.211 6.107 84.265 81.574 81.988 81.781 81.884 81.884 81.574 81.574 81.47 81.574 81.47 81.574 81.574 81.47 81.47 81.574 81.47 81.47 81.367 81.367 81.367 81.677 81.677 81.574 81.367 81.47 81.367 81.367 81.574 81.263 81.367 81.47 81.367 81.263 81.367 81.47 81.367 81.367 81.263 81.263 81.47 81.263 81.159 81.263 81.263 81.159 81.159 81.159 81.263 81.263 81.263 81.263 81.367 81.367 81.263 81.367 81.367 81.47 81.574 81.47 81.574 81.574 81.574 81.47 81.47 81.574 81.574 81.574 81.574 81.781 81.781 81.781 81.574 81.47 81.574 81.884 81.781 81.781 81.781 81.781 81.884 81.677 81.677 81.884 81.884 81.988 81.884 81.884 81.988 81.988 81.884 81.781 81.988 81.884 81.988 82.091 81.677 81.781 81.781 81.884 81.988 81.988 81.677 81.677 81.884 81.884 81.884 81.677 81.574 81.574 81.677 81.884 81.677 81.574 81.574 81.574 81.781 81.781 81.781 81.781 81.781 81.574 81.574 81.884 81.884 81.781 81.781 81.781 81.781 81.47 81.47 81.677 81.574 81.677 81.574 81.367 81.367 81.677 81.574 81.677 81.574 81.574 81.47 81.367 81.574 81.677 81.677 81.367 81.367 81.47 81.47 81.47 81.47 81.47 81.47 81.47 81.367 81.677 81.677 81.677 81.056 81.056 81.367 81.367 81.367 81.263 81.47 81.263 81.263 80.952 81.47 81.677 81.781 81.677 81.47 81.47 81.367 81.574 81.574 81.574 81.677 81.367 81.263 81.47 81.574 81.574 81.677 81.367 81.263 81.367 81.677 81.574 81.574 81.367 81.159 81.47 81.47 81.47 81.47 81.47 81.056 81.263 81.574 81.574 81.574 81.574 81.367 81.574 81.677 81.677 81.367 81.47 81.781 81.781 81.677 81.781 81.47 81.574 81.47 81.677 81.677 81.677 81.367 81.263 81.677 81.677 81.677 81.677 81.781 81.781 81.781 81.677 81.884 81.677 81.781 81.781 81.781 81.677 81.781 81.884 81.781 81.574 81.677 81.677 81.677 81.677 81.781 81.574 81.574 81.677 81.574 81.677 81.574 81.574 81.574 81.47 81.677 81.574 81.677 81.677 81.574 81.574 81.574 81.677 81.677 81.781 81.677 81.781 81.677 81.781 81.677 81.781 81.574 81.781 81.574 81.574 81.47 81.574 81.47 81.574 81.574 81.47 81.574 81.574 81.574 81.47 81.47 81.47 81.47 81.574 81.47 81.574 81.677 81.781 81.781 81.677 81.884 81.677 81.781 81.781 81.781 81.781 81.781 81.884 81.781 81.574 81.781 81.574 81.781 81.781 81.781 81.47 81.574 81.677 81.781 81.677 81.574 81.47 81.677 81.677 81.677 81.574 81.574 81.677 81.677 81.677 81.574 81.574 81.677 81.574 81.574 81.574 81.574 81.47 81.574 81.574 81.574 81.574 81.574 81.574 
