# name: phAngle
# type: matrix
# rows: 1
# columns: 359
 1 1 1 1 1 1 1 1 1 1 1 1 1 1 1 1 1 1 1 1 1 1 1 1 1 1 1 1 1 1 1 1 1 1 1 1 1 1 1 1 1 1 1 1 1 1 1 1 1 1 1 1 1 1 1 1 1 1 1 1 1 1 1 1 1 1 1 1 1 1 1 1 1 1 1 1 1 1 1 1 1 1 1 1 1 1 1 1 1 1 1 1 1 1 1 1 1 1 1 1 1 1 1 1 1 1 1 1 1 1 1 1 1 1 1 1 1 1 1 1 1 1 1 1 1 1 1 1 1 1 1 1 1 1 1 1 1 1 1 1 1 1 1 1 1 1 1 1 1 1 1 1 1 1 1 1 1 1 1 1 1 1 1 1 1 1 1 1 1 1 1 1 1 1 1 1 1 1 1 1 1 1 1 1 1 1 1 1 1 1 1 1 1 1 1 1 1 1 1 1 1 1 1 1 1 1 1 1 1 1 1 1 1 1 1 1 1 1 1 1 1 1 1 1 1 1 1 1 1 1 1 1 1 1 1 1 1 1 1 1 1 1 1 1 1 1 1 1 1 1 1 1 1 1 1 1 1 1 1 1 1 1 1 1 1 1 1 1 1 1 1 1 1 1 1 1 1 1 1 1 1 1 1 1 1 1 1 1 1 1 1 1 1 1 1 1 1 1 1 1 1 1 1 1 1 1 1 1 1 1 1 1 1 1 1 1 1 1 1 1 1 1 1 1 1 1 1 1 1 1 1 1 1 1 1 1 1 1 1 1 1 1 1 1 1 1 1 1 1 1 1 1 1 1 1 1 1 1 1 
# name: freq
# type: matrix
# rows: 1
# columns: 359
 50.0 50.0 50.0 50.0 50.0 50.0 50.0 50.0 50.0 50.0 50.0 50.0 50.0 50.0 50.0 50.0 50.0 50.0 50.0 50.0 50.0 50.0 50.0 50.0 50.0 50.0 50.0 50.0 50.0 50.0 50.0 50.0 50.0 50.0 50.0 50.0 50.0 50.0 50.0 50.0 50.0 50.0 50.0 50.0 50.0 50.0 50.0 50.0 50.0 50.0 50.0 50.0 50.0 50.0 50.0 50.0 50.0 50.0 50.0 50.0 50.0 50.0 50.0 50.0 50.0 50.0 50.0 50.0 50.0 50.0 50.0 50.0 50.0 50.0 50.0 50.0 50.0 50.0 50.0 50.0 50.0 50.0 50.0 50.0 50.0 50.0 50.0 50.0 50.0 50.0 50.0 50.0 50.0 50.0 50.0 50.0 50.0 50.0 50.0 50.0 50.0 50.0 50.0 50.0 50.0 50.0 50.0 50.0 50.0 50.0 50.0 50.0 50.0 50.0 50.0 50.0 50.0 50.0 50.0 50.0 50.0 50.0 50.0 50.0 50.0 50.0 50.0 50.0 50.0 50.0 50.0 50.0 50.0 50.0 50.0 50.0 50.0 50.0 50.0 50.0 50.0 50.0 50.0 50.0 50.0 50.0 50.0 50.0 50.0 50.0 50.0 50.0 50.0 50.0 50.0 50.0 50.0 50.0 50.0 50.0 50.0 50.0 50.0 50.0 50.0 50.0 50.0 50.0 50.0 50.0 50.0 50.0 50.0 50.0 50.0 50.0 50.0 49.9 49.9 50.0 49.9 49.9 49.9 49.9 49.9 49.9 49.9 49.9 50.0 49.9 49.9 49.9 49.9 49.9 49.9 49.9 49.9 49.9 50.0 49.9 49.9 49.9 49.9 49.9 49.9 50.0 49.9 49.9 49.9 50.0 50.0 50.0 50.0 50.0 50.0 50.0 50.0 50.0 50.0 50.0 50.0 50.0 50.0 50.0 50.0 50.0 50.0 50.0 50.0 50.0 50.0 50.0 50.0 50.0 50.0 50.0 50.0 50.0 50.0 50.0 50.0 50.0 50.0 50.0 50.0 50.0 50.0 50.0 50.0 50.0 50.0 50.0 50.0 50.0 50.0 50.0 50.0 50.0 50.0 50.0 50.0 50.0 50.0 50.0 50.0 50.0 50.0 50.0 50.0 50.0 50.0 50.0 50.0 50.0 50.0 50.0 50.0 50.0 50.0 50.0 50.0 50.0 50.0 50.0 50.0 50.0 50.0 50.0 50.0 50.0 50.0 50.0 50.0 50.0 50.0 50.0 50.0 50.0 50.0 50.0 50.0 50.0 50.0 50.0 50.0 50.0 50.0 50.0 50.0 50.0 50.1 50.0 50.0 50.0 50.0 50.0 50.0 50.0 50.0 50.0 50.1 50.0 50.0 50.0 50.0 50.0 50.0 50.0 50.0 50.0 50.0 50.0 50.0 50.0 50.0 50.0 50.0 50.0 50.0 50.0 50.0 50.0 50.0 50.0 50.0 50.0 50.0 50.0 50.0 50.0 50.0 50.0 50.0 50.0 50.0 50.0 50.0 50.0 50.0 
# name: reacPower
# type: matrix
# rows: 1
# columns: 359
 5.072 5.072 5.072 5.072 5.072 5.072 5.176 5.072 5.072 5.072 5.072 5.072 5.072 5.072 5.072 5.072 5.072 5.072 5.176 5.072 5.072 5.072 5.072 5.072 5.072 5.176 5.176 5.072 5.072 5.072 5.072 5.072 5.072 5.176 5.072 5.072 5.072 5.072 5.072 5.072 5.072 5.072 5.072 5.072 5.072 5.072 5.072 5.072 5.072 5.072 5.072 5.072 5.072 5.072 5.072 5.072 5.072 5.072 5.176 5.072 5.176 5.072 5.072 5.072 5.072 5.072 5.072 5.072 5.072 5.072 5.072 5.072 5.072 5.072 5.072 5.072 5.072 5.072 5.072 5.072 5.072 5.072 5.072 5.176 5.072 5.072 5.072 5.072 5.072 5.072 5.072 5.072 5.072 5.176 5.072 5.072 5.072 5.072 5.072 5.072 5.072 5.072 5.072 5.072 5.072 5.072 5.072 5.072 5.072 5.072 5.072 5.072 5.176 5.072 5.072 5.176 5.176 5.072 5.072 5.072 5.072 5.072 5.072 5.072 5.072 5.072 5.176 5.176 5.072 5.072 5.176 5.072 5.072 5.176 5.072 5.176 5.072 5.072 5.072 5.072 5.072 5.072 5.072 5.176 5.072 5.072 5.072 5.072 5.176 5.072 5.072 5.072 5.072 5.072 5.072 5.072 5.072 5.072 5.176 5.072 5.176 5.072 5.072 5.072 5.072 5.072 5.072 5.072 5.072 5.072 5.072 5.176 5.072 5.072 5.072 5.176 5.072 5.072 5.072 5.072 5.072 5.072 5.072 5.072 5.072 5.072 5.072 5.072 5.072 5.072 5.176 5.072 5.176 5.072 5.176 5.072 5.072 5.072 5.176 5.072 5.176 5.072 5.072 5.176 5.072 5.176 5.176 5.072 5.176 5.176 5.072 5.072 5.072 5.072 5.176 5.176 5.072 5.072 5.072 5.072 5.072 5.072 5.072 5.176 5.072 5.176 5.072 5.176 5.072 5.176 5.072 5.176 5.072 5.176 5.072 5.072 5.072 5.072 5.072 5.176 5.176 5.072 5.072 5.176 5.176 5.176 5.176 5.176 5.072 5.072 5.176 5.072 5.072 5.072 5.176 5.072 5.072 5.072 5.176 5.072 5.072 5.176 5.072 5.072 5.072 5.176 5.176 5.072 5.072 5.176 5.176 5.072 5.176 5.176 5.176 5.072 5.072 5.176 5.176 5.072 5.072 5.072 5.176 5.176 5.176 5.176 5.176 5.176 5.072 5.176 5.072 5.176 5.176 5.176 5.176 5.176 5.176 5.176 5.072 5.072 5.176 5.176 5.176 5.072 5.176 5.176 5.176 5.176 5.176 5.176 5.176 5.072 5.072 5.176 5.072 5.176 5.176 5.072 5.176 5.176 5.176 5.176 5.176 5.176 5.176 5.072 5.176 5.072 5.176 5.176 5.176 5.176 5.176 5.176 5.072 5.176 5.072 5.072 5.072 5.176 5.072 5.072 5.176 5.176 5.176 5.176 5.176 5.072 5.176 5.176 5.176 5.176 5.072 5.072 5.072 5.072 5.072 5.176 5.176 
# name: power
# type: matrix
# rows: 1
# columns: 359
 288.614 288.2 287.579 288.304 287.786 287.269 287.683 287.786 287.269 287.476 287.476 286.751 286.958 286.958 286.958 286.647 286.44 287.683 287.372 286.544 287.165 287.165 287.165 286.647 287.786 287.269 286.44 287.786 287.372 287.89 287.062 288.097 287.476 286.855 288.097 287.269 286.855 286.337 286.958 286.647 285.716 286.855 286.337 286.337 286.337 285.819 286.337 286.233 285.923 285.198 284.577 285.405 285.819 285.405 284.991 285.509 284.784 285.612 285.198 285.612 285.716 285.819 286.233 286.13 286.44 284.991 286.44 283.749 284.888 284.888 284.577 285.302 285.716 286.13 285.509 286.544 285.509 285.405 284.37 284.267 284.784 284.474 284.888 284.888 284.991 284.37 285.716 286.337 285.612 285.819 285.612 285.509 284.784 284.784 285.509 284.784 284.991 284.888 284.888 284.991 285.095 283.956 283.956 284.37 284.267 284.37 283.956 284.681 284.059 283.956 284.163 284.163 284.784 284.059 285.302 285.095 285.612 285.198 284.474 285.819 284.784 285.612 284.888 285.509 284.888 285.095 286.026 285.405 286.544 285.095 285.716 285.095 285.612 285.509 285.198 286.44 284.991 285.405 285.302 285.716 284.163 284.681 285.612 284.577 285.302 284.267 284.991 285.612 286.233 286.233 285.509 286.13 284.059 282.507 284.681 285.612 287.372 285.819 286.544 286.647 286.44 286.647 286.44 287.165 286.647 284.784 286.337 286.233 286.233 286.233 286.855 286.233 286.13 286.13 286.544 286.13 286.233 286.751 286.13 285.612 285.612 285.302 285.405 285.612 285.612 285.612 285.716 285.716 285.509 286.13 285.716 286.026 286.13 286.026 286.026 286.233 286.337 286.233 286.233 286.026 286.13 286.44 286.337 286.44 286.233 286.026 285.612 284.991 287.372 286.958 286.958 286.855 286.855 286.958 286.958 287.269 286.751 286.647 286.544 286.337 286.337 286.44 286.958 286.647 286.751 286.958 286.958 286.958 286.751 287.062 286.337 286.337 286.647 286.855 286.751 286.855 287.062 286.44 286.44 286.337 286.026 286.13 286.337 286.544 286.44 285.302 285.198 285.612 285.612 285.302 285.716 284.474 284.784 284.888 285.198 285.198 284.577 284.681 283.335 283.335 283.645 284.163 283.956 283.542 283.335 283.231 282.921 283.438 283.438 283.645 283.956 284.888 284.784 284.991 285.198 283.438 283.749 283.438 282.817 283.749 283.852 284.474 283.749 283.749 284.059 284.267 285.716 285.716 287.165 286.337 286.544 286.647 285.716 286.13 286.026 285.509 286.233 286.13 286.44 286.233 286.13 287.062 287.476 286.44 285.612 285.405 283.749 285.923 285.923 286.647 285.612 285.923 285.923 285.923 285.716 285.302 285.923 285.716 285.405 285.923 284.267 285.923 285.302 286.337 285.819 286.026 285.923 282.61 285.612 285.612 286.026 285.509 285.716 285.819 285.716 285.612 285.923 286.233 285.612 285.716 285.923 285.716 286.13 286.233 286.337 286.44 286.44 285.405 286.026 285.923 286.13 285.923 285.923 285.716 286.233 285.612 285.612 286.13 286.026 
