# name: phAngle
# type: matrix
# rows: 1
# columns: 360
 1 1 1 1 1 1 1 1 1 1 1 1 1 1 1 1 1 1 1 1 1 1 1 1 1 1 1 1 1 1 1 1 1 1 1 1 1 1 1 1 1 1 1 1 1 1 1 1 1 1 1 1 1 1 1 1 1 1 1 1 1 1 1 1 1 1 1 1 1 1 1 1 1 1 1 1 1 1 1 1 1 1 1 1 1 1 1 1 1 1 1 1 1 1 1 1 1 1 1 1 1 1 1 1 1 1 1 1 1 1 1 1 1 1 1 1 1 1 1 1 1 1 1 1 1 1 1 1 1 1 1 1 1 1 1 1 1 1 1 1 1 1 1 1 1 1 1 1 1 1 1 1 1 1 1 1 1 1 1 1 1 1 1 1 1 1 1 1 1 1 1 1 1 1 1 1 1 1 1 1 1 1 1 1 1 1 1 1 1 1 1 1 1 1 1 1 1 1 1 1 1 1 1 1 1 1 1 1 1 1 1 1 1 1 1 1 1 1 1 1 1 1 1 1 1 1 1 1 1 1 1 1 1 1 1 1 1 1 1 1 1 1 1 1 1 1 1 1 1 1 1 1 1 1 1 1 1 1 1 1 1 1 1 1 1 1 1 1 1 1 1 1 1 1 1 1 1 1 1 1 1 1 1 1 1 1 1 1 1 1 1 1 1 1 1 1 1 1 1 1 1 1 1 1 1 1 1 1 1 1 1 1 1 1 1 1 1 1 1 1 1 1 1 1 1 1 1 1 1 1 1 1 1 1 1 1 1 1 1 1 1 1 1 1 1 1 1 1 1 1 1 1 1 1 1 1 1 1 1 1 
# name: freq
# type: matrix
# rows: 1
# columns: 360
 50.0 50.0 50.0 50.0 50.0 50.0 50.0 50.0 50.0 50.0 50.0 50.0 50.0 50.0 50.0 50.0 50.0 50.0 50.0 50.0 50.0 50.0 50.0 50.0 50.0 50.0 50.0 50.0 50.0 50.0 50.0 50.0 50.0 50.0 50.0 50.0 50.0 50.0 50.0 50.0 50.0 50.0 50.0 50.0 50.0 50.0 50.0 49.9 50.0 50.0 50.0 50.0 50.0 50.0 50.0 50.0 50.0 50.0 50.0 50.0 50.0 50.0 50.0 50.0 50.0 50.0 50.0 50.0 50.0 50.0 50.0 50.0 50.0 50.0 50.0 50.0 50.0 50.0 50.0 50.0 50.0 50.0 50.0 50.0 50.0 50.0 50.0 50.0 50.0 50.0 50.0 50.0 50.0 50.0 50.0 50.0 50.0 50.0 50.0 50.0 50.0 50.0 50.0 50.0 50.0 50.0 50.0 50.0 50.0 50.0 50.0 50.0 49.9 50.0 50.0 50.0 50.0 50.0 50.0 50.0 50.0 50.0 50.0 50.0 50.0 50.0 50.0 50.0 50.0 50.0 50.0 50.0 50.0 50.0 50.0 50.0 50.0 50.0 50.0 50.0 50.0 50.0 50.0 50.0 50.0 50.0 50.0 50.0 50.0 50.0 50.0 50.0 50.0 50.0 50.0 50.0 50.0 50.0 50.0 50.0 50.0 50.0 50.0 50.0 50.0 50.0 50.0 50.0 50.0 50.0 50.0 50.0 50.0 50.0 50.0 50.0 50.0 50.0 50.0 50.0 50.0 50.0 50.0 50.0 50.0 50.0 50.0 50.0 50.0 50.0 50.0 50.0 50.0 50.0 50.0 50.0 50.0 50.0 50.0 50.0 50.0 50.0 50.0 50.0 50.0 50.0 50.0 50.0 50.0 50.0 50.0 50.0 50.0 50.0 50.0 50.0 50.0 50.0 50.0 50.0 50.0 50.0 50.0 49.9 50.0 49.9 50.0 50.0 50.0 49.9 50.0 50.0 49.9 50.0 50.0 50.0 50.0 50.0 50.0 50.0 50.0 50.0 50.0 50.0 50.0 50.0 50.0 50.0 50.0 50.0 50.0 50.0 50.0 50.0 50.0 50.0 50.0 50.0 50.0 50.0 50.0 50.0 50.0 50.0 50.0 50.0 50.0 50.0 50.0 50.0 50.0 50.0 50.0 50.0 50.0 50.0 50.0 50.0 50.0 50.0 50.0 50.0 50.0 50.0 50.0 50.0 50.0 50.0 50.0 50.0 50.0 50.0 50.0 50.0 50.0 50.0 50.0 50.0 50.0 50.0 50.0 50.0 50.0 50.0 50.0 50.0 50.0 50.0 50.0 50.0 50.0 50.0 50.0 50.0 50.0 50.0 50.0 50.0 50.0 50.0 50.0 50.0 50.0 50.0 50.0 50.0 50.0 50.0 50.0 50.0 50.0 50.0 50.0 50.0 50.0 50.0 50.0 50.0 50.0 50.0 50.0 50.0 50.0 50.0 50.0 50.0 50.0 50.0 50.0 50.0 50.0 50.0 50.0 50.0 50.0 50.0 50.0 50.0 50.0 50.0 
# name: reacPower
# type: matrix
# rows: 1
# columns: 360
 5.072 5.072 5.072 5.072 5.072 5.072 5.072 5.072 5.072 5.072 5.072 5.072 5.072 5.072 5.072 5.072 5.072 5.072 5.072 5.072 5.072 5.072 5.072 5.072 5.072 5.072 5.072 5.072 5.072 5.072 5.072 5.072 5.072 5.072 5.072 5.072 5.072 5.072 5.072 5.072 5.072 5.072 5.072 5.072 5.072 5.072 5.072 5.072 5.072 5.072 5.072 5.072 5.072 5.072 5.072 5.072 5.072 5.072 5.072 5.072 5.072 5.072 5.072 5.072 5.072 5.072 5.072 5.072 5.072 5.072 5.072 5.072 5.072 5.072 5.072 5.072 5.072 5.072 5.072 5.072 4.968 4.968 5.072 5.072 5.072 5.072 5.072 5.072 5.072 5.072 5.072 5.072 5.072 5.072 5.072 5.072 5.072 5.072 5.072 5.072 5.072 5.072 5.072 5.072 5.072 5.072 5.072 5.072 5.072 5.072 5.072 5.072 5.072 5.072 5.072 5.072 5.072 5.072 5.072 5.072 5.072 5.072 5.072 5.072 5.072 5.072 5.072 5.072 5.072 5.072 5.072 5.072 5.072 5.072 5.072 5.072 5.072 5.072 4.968 4.968 5.072 4.968 4.968 4.968 4.968 4.968 4.968 4.968 4.968 4.968 4.968 4.968 4.968 4.968 4.968 4.968 4.968 5.072 4.968 5.072 5.072 5.072 5.072 5.072 5.072 5.072 5.072 5.072 5.072 5.072 5.072 5.072 5.072 5.072 5.072 5.072 5.072 5.072 5.072 5.072 5.072 5.072 5.072 5.072 5.072 5.072 5.072 5.072 5.072 5.072 5.072 5.072 5.072 5.072 5.072 5.072 5.072 5.072 5.072 5.072 5.072 5.072 5.072 5.072 5.072 5.072 5.072 5.072 5.072 5.072 5.072 5.072 5.072 5.072 5.072 5.072 5.072 5.072 5.072 5.072 5.072 5.072 5.072 5.072 5.072 5.072 5.072 5.072 5.072 5.072 5.072 5.072 5.072 5.072 5.072 5.072 5.072 5.072 5.072 5.072 5.072 5.072 5.072 5.072 5.072 5.072 5.072 5.072 5.072 5.072 5.072 5.072 5.072 5.072 5.072 5.072 5.072 5.072 5.072 5.072 5.072 5.072 5.072 5.072 5.072 5.072 5.072 5.072 5.072 5.176 5.072 5.072 5.072 5.072 5.072 5.072 5.072 5.072 5.072 5.072 5.072 5.072 5.072 5.072 5.072 5.072 5.072 5.072 5.072 5.072 5.072 5.072 5.072 5.072 5.072 5.072 5.072 5.072 5.072 5.072 5.072 5.072 5.072 5.072 5.072 5.072 5.072 5.072 5.072 5.072 5.072 5.072 5.072 5.072 5.072 5.072 5.072 5.072 5.072 5.072 5.072 5.072 5.072 5.072 5.072 5.072 5.072 5.072 5.072 5.072 5.072 5.072 5.072 5.072 5.072 5.072 5.072 5.072 5.176 5.072 5.072 5.072 5.072 5.072 5.072 5.072 5.072 5.072 5.072 5.072 5.072 5.072 5.072 5.176 5.072 5.072 5.072 5.072 5.072 5.072 
# name: power
# type: matrix
# rows: 1
# columns: 360
 283.852 283.749 284.37 283.645 283.645 282.403 284.37 283.645 284.267 283.645 283.749 283.231 283.128 283.231 283.128 283.024 283.024 283.542 283.128 283.024 283.231 283.024 283.231 282.714 283.542 282.921 283.438 283.438 283.335 283.024 283.024 283.645 283.128 282.817 282.921 283.024 282.921 283.024 283.438 282.61 282.61 281.264 282.3 281.057 281.989 283.128 280.436 280.333 280.954 280.643 280.85 280.436 280.747 279.712 279.712 279.712 279.712 279.815 279.919 280.229 279.608 279.608 277.952 276.606 279.194 278.883 279.194 279.401 279.401 279.298 278.883 279.712 279.298 279.712 279.194 279.194 279.298 278.78 278.573 278.78 279.091 279.091 278.987 278.883 278.262 279.194 278.676 278.573 278.159 277.952 278.676 278.262 278.159 278.987 278.883 278.676 280.643 281.368 280.747 280.85 280.436 280.333 280.126 280.643 280.85 280.436 280.747 280.643 281.886 281.679 281.161 281.782 281.368 280.85 281.264 281.161 281.368 281.264 281.782 281.782 281.264 281.057 281.264 280.954 280.747 279.401 279.091 280.643 280.85 281.161 280.643 280.229 282.093 280.85 279.712 279.608 278.366 277.538 279.298 279.712 279.712 280.54 280.229 279.091 279.712 279.608 279.505 279.919 280.643 280.229 280.747 280.85 280.85 280.954 281.575 280.643 281.161 280.229 280.643 280.85 280.54 280.436 280.022 281.782 280.747 280.229 280.229 280.747 280.643 281.679 282.196 281.368 280.333 280.643 280.85 281.057 281.575 280.747 280.85 281.679 281.471 283.231 282.921 283.335 283.749 283.438 282.817 282.714 282.3 281.471 281.989 281.471 281.886 282.196 281.575 281.886 281.679 281.575 282.817 282.093 281.989 280.954 280.954 282.3 282.3 281.471 281.782 281.679 280.747 280.85 281.471 281.264 280.643 281.264 280.333 280.333 279.608 280.229 279.091 279.401 280.126 279.091 278.573 280.333 280.126 280.126 281.057 280.85 281.368 281.161 281.782 281.264 281.679 281.989 282.403 280.747 281.989 282.196 280.54 281.679 280.85 281.368 282.093 281.989 281.989 281.264 282.196 281.679 284.267 284.681 284.991 284.577 284.991 284.474 284.37 284.474 284.474 284.991 285.302 285.095 284.784 284.267 284.681 284.784 284.474 284.474 284.474 282.921 283.438 282.714 282.3 283.231 283.438 282.507 281.679 281.471 282.507 282.196 281.471 281.886 283.852 282.403 283.128 282.714 282.196 282.714 282.507 283.128 283.128 282.921 283.231 283.438 283.438 281.989 282.196 282.403 282.3 282.403 282.507 282.093 281.679 281.989 282.921 283.024 283.645 283.749 281.989 283.749 283.024 283.542 282.714 283.231 283.542 283.024 283.956 283.956 283.956 284.474 284.059 283.335 282.921 283.335 283.438 281.989 284.784 284.059 283.749 285.198 285.095 284.784 285.302 284.267 284.784 285.716 285.302 284.784 285.509 285.612 285.923 286.337 286.337 286.337 285.509 286.958 286.751 286.544 286.958 285.302 286.647 287.993 288.2 287.269 286.026 287.993 287.372 288.304 287.786 287.165 287.993 287.993 
